3 0.0
6 0.0
18 0.0
21 0.0
60 0.0
69 0.0
105 0.0
117 0.0
120 0.0
135 0.0
141 0.0
150 0.0
162 0.0
189 0.0
201 0.0
204 0.0
210 0.0
216 0.0
222 0.0
231 0.0
258 0.0
270 0.0
276 0.0
285 0.0
294 0.0
303 0.0
321 0.0
327 0.0
333 0.0
348 0.0
351 0.0
366 0.0
369 0.0
387 0.0
411 0.0
414 0.0
432 0.0
453 0.0
468 0.0
483 0.0
567 0.0
600 0.0
609 0.0
663 0.0
702 0.0
738 0.0
750 0.0
759 0.0
765 0.0
774 0.0
825 0.0
831 0.0
834 0.0
840 0.0
846 0.0
867 0.0
912 0.0
921 0.0
927 0.0
942 0.0
966 0.0
975 0.0
978 0.0
981 0.0
993 0.0
996 0.0
999 0.0
1002 0.0
1005 0.0
1014 0.0
1029 0.0
1035 0.0
1047 0.0
1062 0.0
1065 0.0
1119 0.0
1125 0.0
1131 0.0
1155 0.0
1194 0.0
1200 0.0
1227 0.0
1230 0.0
1251 0.0
1254 0.0
1260 0.0
1263 0.0
1266 0.0
1272 0.0
1275 0.0
1278 0.0
1281 0.0
1284 0.0
1290 0.0
1293 0.0
1344 0.0
1356 0.0
1383 0.0
1404 0.0
1407 0.0
1449 0.0
1452 0.0
1467 0.0
1473 0.0
1482 0.0
1488 0.0
1494 0.0
1500 0.0
1503 0.0
1509 0.0
1530 0.0
1533 0.0
1539 0.0
1542 0.0
1551 0.0
1554 0.0
1563 0.0
1575 0.0
1581 0.0
1587 0.0
1590 0.0
1593 0.0
1599 0.0
1611 0.0
1614 0.0
1617 0.0
1620 0.0
1632 0.0
1650 0.0
1659 0.0
1665 0.0
1677 0.0
1680 0.0
1692 0.0
1698 0.0
1722 0.0
1731 0.0
1746 0.0
1749 0.0
1755 0.0
1761 0.0
1773 0.0
1785 0.0
1791 0.0
1812 0.0
1830 0.0
1845 0.0
1848 0.0
1854 0.0
1857 0.0
1860 0.0
1866 0.0
1872 0.0
1881 0.0
1887 0.0
1896 0.0
1905 0.0
1908 0.0
1920 0.0
1923 0.0
1938 0.0
1959 0.0
1965 0.0
1974 0.0
1977 0.0
1986 0.0
1992 0.0
1995 0.0
1998 0.0
2007 0.0
2028 0.0
2064 0.0
2067 0.0
2073 0.0
2079 0.0
2085 0.0
2094 0.0
2097 0.0
2106 0.0
2112 0.0
2115 0.0
2136 0.0
2145 0.0
2169 0.0
2175 0.0
2178 0.0
2187 0.0
2193 0.0
2196 0.0
2214 0.0
2223 0.0
2226 0.0
2247 0.0
2259 0.0
2274 0.0
2280 0.0
2283 0.0
2286 0.0
2289 0.0
2295 0.0
2301 0.0
2304 0.0
2307 0.0
2310 0.0
2313 0.0
2316 0.0
2319 0.0
2322 0.0
2325 0.0
2334 0.0
2340 0.0
2343 0.0
2346 0.0
2349 0.0
2352 0.0
2355 0.0
2358 0.0
2361 0.0
2364 0.0
2370 0.0
2373 0.0
2376 0.0
2388 0.0
2397 0.0
2400 0.0
2403 0.0
2406 0.0
2409 0.0
2412 0.0
2415 0.0
2418 0.0
2421 0.0
2424 0.0
2427 0.0
2433 0.0
2439 0.0
2445 0.0
2448 0.0
2451 0.0
2454 0.0
2460 0.0
2463 0.0
2466 0.0
2475 0.0
2478 0.0
2481 0.0
2484 0.0
2490 0.0
2505 0.0
2526 0.0
2532 0.0
2535 0.0
2553 0.0
2562 0.0
2607 0.0
2625 0.0
2634 0.0
2658 0.0
2661 0.0
2682 0.0
2685 0.0
2691 0.0
2694 0.0
2709 0.0
2712 0.0
2727 0.0
2739 0.0
2757 0.0
2763 0.0
2778 0.0
2787 0.0
2799 0.0
2823 0.0
2838 0.0
2865 0.0
2889 0.0
2892 0.0
2898 0.0
2934 0.0
2949 0.0
2952 0.0
2958 0.0
2961 0.0
2964 0.0
2967 0.0
2973 0.0
2979 0.0
2982 0.0
2985 0.0
2988 0.0
2991 0.0
2997 0.0
3006 0.0
3012 0.0
3042 0.0
3048 0.0
3051 0.0
3063 0.0
3069 0.0
3072 0.0
3078 0.0
3084 0.0
3087 0.0
3090 0.0
3096 0.0
3099 0.0
3105 0.0
3123 0.0
3126 0.0
3132 0.0
3135 0.0
3150 0.0
3156 0.0
3165 0.0
3168 0.0
3180 0.0
3183 0.0
3201 0.0
3210 0.0
3213 0.0
3225 0.0
3252 0.0
3270 0.0
3276 0.0
3279 0.0
3285 0.0
3291 0.0
3303 0.0
3312 0.0
3315 0.0
3324 0.0
3339 0.0
3360 0.0
3363 0.0
3366 0.0
3375 0.0
3381 0.0
3396 0.0
3402 0.0
3405 0.0
3411 0.0
3420 0.0
3423 0.0
3432 0.0
3441 0.0
3450 0.0
3468 0.0
3483 0.0
3492 0.0
3498 0.0
3507 0.0
3519 0.0
3525 0.0
3561 0.0
3573 0.0
3585 0.0
3594 0.0
3603 0.0
3606 0.0
3621 0.0
3624 0.0
3630 0.0
3633 0.0
3642 0.0
3645 0.0
3657 0.0
3672 0.0
3684 0.0
3687 0.0
3693 0.0
3699 0.0
3705 0.0
3717 0.0
3723 0.0
3732 0.0
3738 0.0
3741 0.0
3744 0.0
3750 0.0
3756 0.0
3759 0.0
3762 0.0
3765 0.0
3771 0.0
3789 0.0
3798 0.0
3813 0.0
3825 0.0
3828 0.0
3831 0.0
3840 0.0
3843 0.0
3864 0.0
3867 0.0
3873 0.0
3882 0.0
3894 0.0
3897 0.0
3900 0.0
3903 0.0
3918 0.0
3936 0.0
3942 0.0
3945 0.0
3948 0.0
3957 0.0
3960 0.0
3963 0.0
3975 0.0
3978 0.0
3984 0.0
3990 0.0
4020 0.0
4035 0.0
4041 0.0
4050 0.0
4053 0.0
4059 0.0
4068 0.0
4089 0.0
4095 0.0
4098 0.0
4104 0.0
4116 0.0
4122 0.0
4134 0.0
4137 0.0
4146 0.0
4194 0.0
4206 0.0
4215 0.0
4236 0.0
4242 0.0
4245 0.0
4251 0.0
4257 0.0
4287 0.0
4290 0.0
4299 0.0
4308 0.0
4320 0.0
4326 0.0
4329 0.0
4332 0.0
4338 0.0
4341 0.0
4344 0.0
4347 0.0
4350 0.0
4359 0.0
4362 0.0
4383 0.0
4389 0.0
4401 0.0
4404 0.0
4410 0.0
4431 0.0
4434 0.0
4449 0.0
4458 0.0
4464 0.0
4479 0.0
4494 0.0
4503 0.0
4506 0.0
4509 0.0
4512 0.0
4527 0.0
4533 0.0
4554 0.0
4557 0.0
4581 0.0
4584 0.0
4590 0.0
4602 0.0
4614 0.0
4617 0.0
4629 0.0
4647 0.0
4656 0.0
4662 0.0
4665 0.0
4674 0.0
4698 0.0
4710 0.0
4713 0.0
4722 0.0
4725 0.0
4734 0.0
4743 0.0
4749 0.0
4761 0.0
4773 0.0
4779 0.0
4782 0.0
4785 0.0
4794 0.0
4797 0.0
4809 0.0
4818 0.0
4821 0.0
4824 0.0
4830 0.0
4833 0.0
4836 0.0
4839 0.0
4845 0.0
4848 0.0
4851 0.0
4854 0.0
4869 0.0
4872 0.0
4875 0.0
4893 0.0
4902 0.0
4905 0.0
4908 0.0
4914 0.0
4920 0.0
4923 0.0
4926 0.0
4929 0.0
4932 0.0
4935 0.0
4941 0.0
4944 0.0
4950 0.0
4953 0.0
4956 0.0
4962 0.0
4965 0.0
4968 0.0
4971 0.0
4974 0.0
4980 0.0
4986 0.0
4989 0.0
4992 0.0
4998 0.0
5004 0.0
5007 0.0
5025 0.0
5037 0.0
5040 0.0
5043 0.0
5067 0.0
5073 0.0
5100 0.0
5109 0.0
5121 0.0
5133 0.0
5136 0.0
5139 0.0
5151 0.0
5154 0.0
5160 0.0
5163 0.0
5190 0.0
5229 0.0
5232 0.0
5235 0.0
5238 0.0
5241 0.0
5250 0.0
5262 0.0
5265 0.0
5268 0.0
5280 0.0
5283 0.0
5289 0.0
5292 0.0
5298 0.0
5304 0.0
5310 0.0
5325 0.0
5328 0.0
5334 0.0
5337 0.0
5346 0.0
5349 0.0
5358 0.0
5361 0.0
5364 0.0
5367 0.0
5370 0.0
5373 0.0
5385 0.0
5388 0.0
5403 0.0
5409 0.0
5412 0.0
5427 0.0
5430 0.0
5433 0.0
5436 0.0
5439 0.0
5442 0.0
5445 0.0
5448 0.0
5454 0.0
5457 0.0
5463 0.0
5472 0.0
5475 0.0
5481 0.0
5484 0.0
5487 0.0
5493 0.0
5502 0.0
5514 0.0
5526 0.0
5529 0.0
5532 0.0
5535 0.0
5538 0.0
5541 0.0
5544 0.0
5547 0.0
5550 0.0
5559 0.0
5562 0.0
5565 0.0
5568 0.0
5571 0.0
5574 0.0
5577 0.0
5580 0.0
5583 0.0
5586 0.0
5589 0.0
5592 0.0
5595 0.0
5598 0.0
5601 0.0
5604 0.0
5607 0.0
5610 0.0
5613 0.0
5616 0.0
5619 0.0
5622 0.0
5628 0.0
5631 0.0
5634 0.0
5640 0.0
5643 0.0
5646 0.0
5652 0.0
5655 0.0
5661 0.0
5664 0.0
5670 0.0
5673 0.0
5679 0.0
5685 0.0
5688 0.0
5691 0.0
5694 0.0
5697 0.0
5703 0.0
5706 0.0
5709 0.0
5712 0.0
5718 0.0
5721 0.0
5736 0.0
5739 0.0
5745 0.0
5748 0.0
5751 0.0
5754 0.0
5757 0.0
5772 0.0
5781 0.0
5787 0.0
5793 0.0
5796 0.0
5802 0.0
5817 0.0
5829 0.0
5838 0.0
5844 0.0
5847 0.0
5850 0.0
5856 0.0
5859 0.0
5877 0.0
5880 0.0
5892 0.0
5913 0.0
5925 0.0
5931 0.0
5934 0.0
5940 0.0
5949 0.0
5955 0.0
5958 0.0
5961 0.0
5967 0.0
5970 0.0
5979 0.0
5985 0.0
5988 0.0
5994 0.0
6006 0.0
6012 0.0
6030 0.0
6039 0.0
6066 0.0
6075 0.0
6078 0.0
6096 0.0
6114 0.0
6117 0.0
6135 0.0
6141 0.0
6147 0.0
6153 0.0
6165 0.0
6177 0.0
6201 0.0
6204 0.0
6213 0.0
6234 0.0
6243 0.0
6246 0.0
6252 0.0
6255 0.0
6264 0.0
6267 0.0
6270 0.0
6282 0.0
6294 0.0
6297 0.0
6312 0.0
6321 0.0
6324 0.0
6330 0.0
6354 0.0
6360 0.0
6363 0.0
6366 0.0
6387 0.0
6390 0.0
6399 0.0
6408 0.0
6414 0.0
6426 0.0
6441 0.0
6459 0.0
6462 0.0
6465 0.0
6477 0.0
6480 0.0
6492 0.0
6501 0.0
6507 0.0
6513 0.0
6519 0.0
6525 0.0
6528 0.0
6531 0.0
6534 0.0
6537 0.0
6540 0.0
6543 0.0
6561 0.0
6567 0.0
6573 0.0
6576 0.0
6585 0.0
6591 0.0
6597 0.0
6600 0.0
6606 0.0
6609 0.0
6615 0.0
6618 0.0
6621 0.0
6627 0.0
6636 0.0
6648 0.0
6663 0.0
6672 0.0
6690 0.0
6693 0.0
6699 0.0
6702 0.0
6705 0.0
6708 0.0
6714 0.0
6717 0.0
6732 0.0
6753 0.0
6759 0.0
6765 0.0
6795 0.0
6804 0.0
6816 0.0
6819 0.0
6822 0.0
6837 0.0
6846 0.0
6849 0.0
6852 0.0
6858 0.0
6870 0.0
6879 0.0
6882 0.0
6885 0.0
6897 0.0
6900 0.0
6915 0.0
6927 0.0
6936 0.0
6948 0.0
6966 0.0
6978 0.0
6981 0.0
6993 0.0
6996 0.0
6999 0.0
7002 0.0
7023 0.0
7026 0.0
7041 0.0
7044 0.0
7053 0.0
7083 0.0
7086 0.0
7098 0.0
7101 0.0
7104 0.0
7110 0.0
7116 0.0
7119 0.0
7122 0.0
7125 0.0
7134 0.0
7137 0.0
7143 0.0
7149 0.0
7152 0.0
7161 0.0
7164 0.0
7173 0.0
7182 0.0
7185 0.0
7191 0.0
7194 0.0
7197 0.0
7206 0.0
7209 0.0
7221 0.0
7224 0.0
7230 0.0
7233 0.0
7236 0.0
7239 0.0
7242 0.0
7245 0.0
7251 0.0
7254 0.0
7257 0.0
7260 0.0
7263 0.0
7266 0.0
7272 0.0
7275 0.0
7284 0.0
7287 0.0
7290 0.0
7293 0.0
7296 0.0
7305 0.0
7311 0.0
7314 0.0
7317 0.0
7323 0.0
7329 0.0
7332 0.0
7335 0.0
7338 0.0
7341 0.0
7344 0.0
7347 0.0
7350 0.0
7356 0.0
7359 0.0
7365 0.0
7368 0.0
7371 0.0
7374 0.0
7377 0.0
7380 0.0
7383 0.0
7392 0.0
7395 0.0
7404 0.0
7407 0.0
7413 0.0
7416 0.0
7419 0.0
7425 0.0
7431 0.0
7434 0.0
7440 0.0
7446 0.0
7449 0.0
7452 0.0
7455 0.0
7458 0.0
7461 0.0
7464 0.0
7470 0.0
7473 0.0
7476 0.0
7479 0.0
7482 0.0
7485 0.0
7488 0.0
7494 0.0
7497 0.0
7500 0.0
7506 0.0
7533 0.0
7536 0.0
7539 0.0
7548 0.0
7557 0.0
7563 0.0
7566 0.0
7569 0.0
7572 0.0
7581 0.0
7596 0.0
7614 0.0
7617 0.0
7620 0.0
7623 0.0
7626 0.0
7632 0.0
7647 0.0
7656 0.0
7659 0.0
7671 0.0
7677 0.0
7680 0.0
7683 0.0
7689 0.0
7704 0.0
7710 0.0
7713 0.0
7716 0.0
7719 0.0
7731 0.0
7740 0.0
7752 0.0
7758 0.0
7761 0.0
7764 0.0
7773 0.0
7776 0.0
7779 0.0
7803 0.0
7806 0.0
7812 0.0
7827 0.0
7830 0.0
7833 0.0
7836 0.0
7839 0.0
7845 0.0
7854 0.0
7857 0.0
7860 0.0
7875 0.0
7878 0.0
7881 0.0
7890 0.0
7893 0.0
7899 0.0
7905 0.0
7920 0.0
7923 0.0
7932 0.0
7935 0.0
7944 0.0
7950 0.0
7953 0.0
7959 0.0
7965 0.0
7968 0.0
7971 0.0
7977 0.0
7983 0.0
7992 0.0
7998 0.0
8007 0.0
8010 0.0
8013 0.0
8016 0.0
8019 0.0
8022 0.0
8025 0.0
8028 0.0
8034 0.0
8037 0.0
8043 0.0
8046 0.0
8049 0.0
8052 0.0
8055 0.0
8058 0.0
8061 0.0
8064 0.0
8070 0.0
8076 0.0
8094 0.0
8106 0.0
8121 0.0
8124 0.0
8130 0.0
8142 0.0
8157 0.0
8160 0.0
8163 0.0
8178 0.0
8202 0.0
8205 0.0
8211 0.0
8217 0.0
8226 0.0
8229 0.0
8235 0.0
8238 0.0
8244 0.0
8247 0.0
8250 0.0
8253 0.0
8256 0.0
8259 0.0
8280 0.0
8286 0.0
8316 0.0
8319 0.0
8331 0.0
8334 0.0
8337 0.0
8343 0.0
8346 0.0
8349 0.0
8352 0.0
8355 0.0
8361 0.0
8367 0.0
8370 0.0
8373 0.0
8382 0.0
8385 0.0
8388 0.0
8394 0.0
8397 0.0
8406 0.0
8409 0.0
8412 0.0
8415 0.0
8418 0.0
8421 0.0
8424 0.0
8427 0.0
8430 0.0
8433 0.0
8436 0.0
8439 0.0
8445 0.0
8457 0.0
8463 0.0
8466 0.0
8469 0.0
8472 0.0
8478 0.0
8484 0.0
8496 0.0
8505 0.0
8541 0.0
8544 0.0
8568 0.0
8571 0.0
8589 0.0
8640 0.0
8646 0.0
8649 0.0
8652 0.0
8658 0.0
8664 0.0
8667 0.0
8673 0.0
8676 0.0
8682 0.0
8703 0.0
8712 0.0
8718 0.0
8721 0.0
8724 0.0
8736 0.0
8739 0.0
8742 0.0
8745 0.0
8754 0.0
8760 0.0
8766 0.0
8787 0.0
8790 0.0
8793 0.0
8808 0.0
8847 0.0
8856 0.0
8871 0.0
8892 0.0
8901 0.0
8904 0.0
8943 0.0
8952 0.0
8955 0.0
8961 0.0
8970 0.0
8973 0.0
8982 0.0
8985 0.0
8988 0.0
8991 0.0
8994 0.0
8997 0.0
9000 0.0
9015 0.0
9018 0.0
9030 0.0
9042 0.0
9045 0.0
9060 0.0
9078 0.0
9081 0.0
9096 0.0
9102 0.0
9105 0.0
9114 0.0
9117 0.0
9120 0.0
9126 0.0
9138 0.0
9141 0.0
9144 0.0
9150 0.0
9159 0.0
9168 0.0
9174 0.0
9177 0.0
9180 0.0
9186 0.0
9189 0.0
9192 0.0
9195 0.0
9198 0.0
9201 0.0
9204 0.0
9207 0.0
9210 0.0
9213 0.0
9219 0.0
9222 0.0
9228 0.0
9234 0.0
9237 0.0
9240 0.0
9243 0.0
9246 0.0
9249 0.0
9252 0.0
9261 0.0
9264 0.0
9267 0.0
9270 0.0
9273 0.0
9279 0.0
9282 0.0
9285 0.0
9291 0.0
9294 0.0
9303 0.0
9306 0.0
9309 0.0
9312 0.0
9315 0.0
9318 0.0
9321 0.0
9324 0.0
9327 0.0
9333 0.0
9336 0.0
9342 0.0
9345 0.0
9348 0.0
9369 0.0
9390 0.0
9393 0.0
9420 0.0
9423 0.0
9429 0.0
9444 0.0
9468 0.0
9477 0.0
9483 0.0
9489 0.0
9495 0.0
9498 0.0
9513 0.0
9516 0.0
9519 0.0
9522 0.0
9525 0.0
9528 0.0
9534 0.0
9537 0.0
9540 0.0
9543 0.0
9546 0.0
9549 0.0
9552 0.0
9555 0.0
9558 0.0
9564 0.0
9567 0.0
9570 0.0
9573 0.0
9576 0.0
9582 0.0
9585 0.0
9588 0.0
9591 0.0
9597 0.0
9600 0.0
9603 0.0
9606 0.0
9609 0.0
9612 0.0
9615 0.0
9618 0.0
9621 0.0
9624 0.0
9627 0.0
9630 0.0
9633 0.0
9639 0.0
9642 0.0
9651 0.0
9768 0.0
9801 0.0
9810 0.0
9819 0.0
9828 0.0
9837 0.0
9843 0.0
9864 0.0
9870 0.0
9873 0.0
9876 0.0
9879 0.0
9885 0.0
9894 0.0
9897 0.0
9900 0.0
9903 0.0
9912 0.0
9915 0.0
9918 0.0
9924 0.0
9930 0.0
9936 0.0
9939 0.0
9945 0.0
9948 0.0
9963 0.0
9966 0.0
9969 0.0
9972 0.0
9975 0.0
9978 0.0
9984 0.0
9987 0.0
9990 0.0
9993 0.0
9996 0.0
9999 0.0
10002 0.0
10005 0.0
10008 0.0
10011 0.0
10017 0.0
10020 0.0
10023 0.0
10026 0.0
10029 0.0
10035 0.0
10044 0.0
10047 0.0
10050 0.0
10056 0.0
10059 0.0
10062 0.0
10068 0.0
10071 0.0
10074 0.0
10077 0.0
10080 0.0
10083 0.0
10086 0.0
10089 0.0
10092 0.0
10095 0.0
10098 0.0
10101 0.0
10104 0.0
10107 0.0
10113 0.0
10149 0.0
10152 0.0
10155 0.0
10161 0.0
10176 0.0
10194 0.0
10203 0.0
10209 0.0
10221 0.0
10224 0.0
10227 0.0
10230 0.0
10236 0.0
10239 0.0
10242 0.0
10248 0.0
10263 0.0
10266 0.0
10272 0.0
10290 0.0
10302 0.0
10308 0.0
10314 0.0
10329 0.0
10332 0.0
10335 0.0
10341 0.0
10344 0.0
10347 0.0
10350 0.0
10359 0.0
10365 0.0
10368 0.0
10377 0.0
10404 0.0
10416 0.0
10428 0.0
10440 0.0
10455 0.0
10470 0.0
10476 0.0
10485 0.0
10488 0.0
10491 0.0
10497 0.0
10506 0.0
10509 0.0
10512 0.0
10530 0.0
10533 0.0
10536 0.0
10539 0.0
10572 0.0
10575 0.0
10587 0.0
10590 0.0
10611 0.0
10623 0.0
10665 0.0
10671 0.0
10677 0.0
10680 0.0
10683 0.0
10695 0.0
10698 0.0
10701 0.0
10704 0.0
10707 0.0
10713 0.0
10719 0.0
10722 0.0
10725 0.0
10728 0.0
10731 0.0
10734 0.0
10737 0.0
10740 0.0
10743 0.0
10746 0.0
10749 0.0
10752 0.0
10755 0.0
10758 0.0
10764 0.0
10767 0.0
10770 0.0
10776 0.0
10791 0.0
10800 0.0
10818 0.0
10824 0.0
10836 0.0
10839 0.0
10851 0.0
10854 0.0
10860 0.0
10863 0.0
10866 0.0
10869 0.0
10875 0.0
10878 0.0
10884 0.0
10887 0.0
10890 0.0
10896 0.0
10899 0.0
10905 0.0
10914 0.0
10917 0.0
10923 0.0
10932 0.0
10935 0.0
10941 0.0
10944 0.0
10950 0.0
10962 0.0
10965 0.0
10980 0.0
10986 0.0
10992 0.0
10995 0.0
10998 0.0
11013 0.0
11025 0.0
11028 0.0
11034 0.0
11037 0.0
11052 0.0
11055 0.0
11061 0.0
11067 0.0
11073 0.0
11079 0.0
11082 0.0
11091 0.0
11094 0.0
11097 0.0
11100 0.0
11103 0.0
11106 0.0
11109 0.0
11112 0.0
11115 0.0
11118 0.0
11124 0.0
11133 0.0
11157 0.0
11172 0.0
11175 0.0
11178 0.0
11181 0.0
11184 0.0
11187 0.0
11193 0.0
11202 0.0
11205 0.0
11208 0.0
11211 0.0
11220 0.0
11223 0.0
11226 0.0
11232 0.0
11235 0.0
11238 0.0
11241 0.0
11244 0.0
11247 0.0
11253 0.0
11256 0.0
11262 0.0
11265 0.0
11268 0.0
11271 0.0
11274 0.0
11277 0.0
11280 0.0
11283 0.0
11289 0.0
11292 0.0
11295 0.0
11301 0.0
11304 0.0
11307 0.0
11310 0.0
11313 0.0
11316 0.0
11319 0.0
11322 0.0
11325 0.0
11328 0.0
11331 0.0
11334 0.0
11337 0.0
11343 0.0
11349 0.0
11355 0.0
11361 0.0
11364 0.0
11367 0.0
11373 0.0
11376 0.0
11379 0.0
11382 0.0
11385 0.0
11388 0.0
11391 0.0
11397 0.0
11400 0.0
11403 0.0
11406 0.0
11409 0.0
11418 0.0
11421 0.0
11436 0.0
11439 0.0
11454 0.0
11457 0.0
11472 0.0
11475 0.0
11478 0.0
11481 0.0
11484 0.0
11487 0.0
11490 0.0
11493 0.0
11499 0.0
11502 0.0
11505 0.0
11508 0.0
11514 0.0
11520 0.0
11523 0.0
11529 0.0
11532 0.0
11535 0.0
11538 0.0
11541 0.0
11544 0.0
11550 0.0
11553 0.0
11556 0.0
11559 0.0
11562 0.0
11565 0.0
11568 0.0
11571 0.0
11574 0.0
11577 0.0
11580 0.0
11583 0.0
11586 0.0
11589 0.0
11595 0.0
11601 0.0
11604 0.0
11607 0.0
11610 0.0
11613 0.0
11616 0.0
11622 0.0
11637 0.0
11640 0.0
11643 0.0
11646 0.0
11649 0.0
11652 0.0
11655 0.0
11661 0.0
11664 0.0
11673 0.0
11676 0.0
11700 0.0
11706 0.0
11709 0.0
11712 0.0
11721 0.0
11748 0.0
11751 0.0
11760 0.0
11769 0.0
11772 0.0
11796 0.0
11799 0.0
11802 0.0
11805 0.0
11808 0.0
11811 0.0
11814 0.0
11817 0.0
11820 0.0
11823 0.0
11826 0.0
11829 0.0
11832 0.0
11835 0.0
11838 0.0
11841 0.0
11844 0.0
11847 0.0
11850 0.0
11853 0.0
11856 0.0
11859 0.0
11862 0.0
11865 0.0
11871 0.0
11874 0.0
11880 0.0
11883 0.0
11886 0.0
11889 0.0
11892 0.0
11895 0.0
11898 0.0
11901 0.0
11904 0.0
11907 0.0
11910 0.0
11913 0.0
11916 0.0
11919 0.0
11925 0.0
11931 0.0
11940 0.0
11943 0.0
11946 0.0
11949 0.0
11955 0.0
11958 0.0
11961 0.0
11964 0.0
11967 0.0
11970 0.0
11973 0.0
11976 0.0
11994 0.0
11997 0.0
12006 0.0
12009 0.0
12012 0.0
12018 0.0
12039 0.0
12051 0.0
12054 0.0
12078 0.0
12081 0.0
12087 0.0
12093 0.0
12096 0.0
12099 0.0
12105 0.0
12111 0.0
12114 0.0
12117 0.0
12120 0.0
12123 0.0
12126 0.0
12129 0.0
12132 0.0
12135 0.0
12138 0.0
12141 0.0
12144 0.0
12147 0.0
12153 0.0
12156 0.0
12159 0.0
12162 0.0
12165 0.0
12168 0.0
12171 0.0
12177 0.0
12183 0.0
12186 0.0
12189 0.0
12192 0.0
12198 0.0
12201 0.0
12204 0.0
12243 0.0
12246 0.0
12249 0.0
12252 0.0
12258 0.0
12261 0.0
12264 0.0
12267 0.0
12270 0.0
12273 0.0
12276 0.0
12279 0.0
12282 0.0
12285 0.0
12288 0.0
12294 0.0
12297 0.0
12300 0.0
12303 0.0
12306 0.0
12312 0.0
12321 0.0
12333 0.0
12336 0.0
12342 0.0
12345 0.0
12348 0.0
12363 0.0
12369 0.0
12381 0.0
12384 0.0
12399 0.0
12405 0.0
12411 0.0
12414 0.0
12417 0.0
12423 0.0
12432 0.0
12435 0.0
12438 0.0
12444 0.0
12453 0.0
12462 0.0
12474 0.0
12480 0.0
12489 0.0
12513 0.0
12540 0.0
12549 0.0
12558 0.0
12561 0.0
12594 0.0
12606 0.0
12633 0.0
12663 0.0
12669 0.0
12684 0.0
12705 0.0
12708 0.0
12720 0.0
12735 0.0
12744 0.0
12753 0.0
12756 0.0
12771 0.0
12774 0.0
12780 0.0
12792 0.0
12795 0.0
12819 0.0
12843 0.0
12852 0.0
12867 0.0
12882 0.0
12885 0.0
12888 0.0
12897 0.0
12903 0.0
12906 0.0
12918 0.0
12927 0.0
12933 0.0
12951 0.0
12954 0.0
12990 0.0
12993 0.0
12999 0.0
13005 0.0
13008 0.0
13020 0.0
13023 0.0
13038 0.0
13050 0.0
13062 0.0
13071 0.0
13080 0.0
13083 0.0
13092 0.0
13107 0.0
13119 0.0
13122 0.0
13125 0.0
13131 0.0
13137 0.0
13140 0.0
13149 0.0
13152 0.0
13155 0.0
13158 0.0
13167 0.0
13170 0.0
13179 0.0
13188 0.0
13191 0.0
13203 0.0
13206 0.0
13215 0.0
13218 0.0
13221 0.0
13224 0.0
13227 0.0
13230 0.0
13236 0.0
13239 0.0
13242 0.0
13245 0.0
13248 0.0
13257 0.0
13260 0.0
13263 0.0
13272 0.0
13281 0.0
13284 0.0
13293 0.0
13320 0.0
13326 0.0
13356 0.0
13368 0.0
13398 0.0
13401 0.0
13407 0.0
13413 0.0
13425 0.0
13428 0.0
13431 0.0
13449 0.0
13473 0.0
13506 0.0
13512 0.0
13515 0.0
13530 0.0
13533 0.0
13539 0.0
13560 0.0
13563 0.0
13602 0.0
13623 0.0
13647 0.0
13650 0.0
13653 0.0
13659 0.0
13662 0.0
13668 0.0
13674 0.0
13677 0.0
13680 0.0
13683 0.0
13713 0.0
13716 0.0
13719 0.0
13728 0.0
13731 0.0
13740 0.0
13761 0.0
13770 0.0
13776 0.0
13800 0.0
13806 0.0
13824 0.0
13836 0.0
13842 0.0
13845 0.0
13848 0.0
13851 0.0
13854 0.0
13857 0.0
13860 0.0
13863 0.0
13866 0.0
13869 0.0
13881 0.0
13896 0.0
13899 0.0
13902 0.0
13905 0.0
13914 0.0
13920 0.0
13932 0.0
13938 0.0
13962 0.0
13968 0.0
13971 0.0
13974 0.0
13977 0.0
13980 0.0
14001 0.0
14007 0.0
14013 0.0
14025 0.0
14028 0.0
14031 0.0
14037 0.0
14046 0.0
14058 0.0
14061 0.0
14070 0.0
14076 0.0
14082 0.0
14085 0.0
14091 0.0
14094 0.0
14097 0.0
14100 0.0
14103 0.0
14109 0.0
14112 0.0
14121 0.0
14124 0.0
14127 0.0
14130 0.0
14133 0.0
14142 0.0
14169 0.0
14193 0.0
14196 0.0
14199 0.0
14202 0.0
14205 0.0
14214 0.0
14217 0.0
14220 0.0
14235 0.0
14244 0.0
14247 0.0
14250 0.0
14253 0.0
14265 0.0
14274 0.0
14277 0.0
14283 0.0
14289 0.0
14292 0.0
14304 0.0
14307 0.0
14322 0.0
14328 0.0
14334 0.0
14340 0.0
14346 0.0
14349 0.0
14352 0.0
14355 0.0
14358 0.0
14367 0.0
14373 0.0
14382 0.0
14388 0.0
14394 0.0
14421 0.0
14433 0.0
14436 0.0
14466 0.0
14472 0.0
14475 0.0
14496 0.0
14499 0.0
14505 0.0
14508 0.0
14514 0.0
14517 0.0
14532 0.0
14535 0.0
14544 0.0
14547 0.0
14559 0.0
14574 0.0
14580 0.0
14586 0.0
14598 0.0
14625 0.0
14628 0.0
14631 0.0
14637 0.0
14640 0.0
14649 0.0
14652 0.0
14658 0.0
14661 0.0
14664 0.0
14667 0.0
14670 0.0
14673 0.0
14679 0.0
14682 0.0
14685 0.0
14688 0.0
14691 0.0
14694 0.0
14700 0.0
14706 0.0
14712 0.0
14718 0.0
14733 0.0
14742 0.0
14748 0.0
14751 0.0
14754 0.0
14757 0.0
14760 0.0
14763 0.0
14766 0.0
14769 0.0
14772 0.0
14775 0.0
14805 0.0
14808 0.0
14811 0.0
14814 0.0
14817 0.0
14820 0.0
14838 0.0
14847 0.0
14859 0.0
14865 0.0
14874 0.0
14877 0.0
14880 0.0
14883 0.0
14886 0.0
14895 0.0
14898 0.0
14901 0.0
14904 0.0
14907 0.0
14910 0.0
14916 0.0
14919 0.0
14922 0.0
14925 0.0
14928 0.0
14931 0.0
14934 0.0
14937 0.0
14940 0.0
14943 0.0
14946 0.0
14949 0.0
14952 0.0
14955 0.0
14958 0.0
14961 0.0
14964 0.0
14967 0.0
14970 0.0
14973 0.0
14976 0.0
14979 0.0
14982 0.0
14985 0.0
14991 0.0
14994 0.0
14997 0.0
15000 0.0
15006 0.0
15009 0.0
15012 0.0
15015 0.0
15018 0.0
15021 0.0
15024 0.0
15030 0.0
15033 0.0
15036 0.0
15039 0.0
15042 0.0
15045 0.0
15048 0.0
15051 0.0
15054 0.0
15057 0.0
15060 0.0
15063 0.0
15066 0.0
15069 0.0
15072 0.0
15075 0.0
15078 0.0
15081 0.0
15084 0.0
15087 0.0
15090 0.0
15093 0.0
15096 0.0
15099 0.0
15102 0.0
15105 0.0
15108 0.0
15111 0.0
15114 0.0
15117 0.0
15123 0.0
15126 0.0
15129 0.0
15132 0.0
15138 0.0
15168 0.0
15171 0.0
15174 0.0
15183 0.0
15186 0.0
15189 0.0
15207 0.0
15210 0.0
15219 0.0
15222 0.0
15225 0.0
15228 0.0
15231 0.0
15240 0.0
15246 0.0
15249 0.0
15261 0.0
15264 0.0
15270 0.0
15276 0.0
15279 0.0
15285 0.0
15288 0.0
15321 0.0
15327 0.0
15330 0.0
15333 0.0
15342 0.0
15345 0.0
15354 0.0
15357 0.0
15360 0.0
15363 0.0
15366 0.0
15369 0.0
15381 0.0
15396 0.0
15411 0.0
15417 0.0
15420 0.0
15438 0.0
15444 0.0
15453 0.0
15468 0.0
15474 0.0
15492 0.0
15507 0.0
15522 0.0
15525 0.0
15528 0.0
15534 0.0
15552 0.0
15555 0.0
15567 0.0
15573 0.0
15591 0.0
15612 0.0
15624 0.0
15639 0.0
15642 0.0
15654 0.0
15657 0.0
15678 0.0
15723 0.0
15738 0.0
15750 0.0
15765 0.0
15804 0.0
15816 0.0
15819 0.0
15825 0.0
15834 0.0
15837 0.0
15843 0.0
15855 0.0
15879 0.0
15915 0.0
15918 0.0
15927 0.0
15930 0.0
15936 0.0
15945 0.0
15948 0.0
15951 0.0
15954 0.0
15957 0.0
15960 0.0
15963 0.0
15966 0.0
15969 0.0
15972 0.0
15975 0.0
15984 0.0
15993 0.0
15996 0.0
15999 0.0
16002 0.0
16008 0.0
16011 0.0
16014 0.0
16020 0.0
16023 0.0
16026 0.0
16029 0.0
16032 0.0
16035 0.0
16038 0.0
16041 0.0
16047 0.0
16050 0.0
16053 0.0
16056 0.0
16059 0.0
16062 0.0
16065 0.0
16068 0.0
16071 0.0
16074 0.0
16077 0.0
16089 0.0
16092 0.0
16095 0.0
16098 0.0
16101 0.0
16104 0.0
16107 0.0
16110 0.0
16113 0.0
16119 0.0
16122 0.0
16125 0.0
16128 0.0
16131 0.0
16134 0.0
16137 0.0
16140 0.0
16143 0.0
16146 0.0
16149 0.0
16152 0.0
16155 0.0
16158 0.0
16161 0.0
16164 0.0
16167 0.0
16170 0.0
16173 0.0
16176 0.0
16179 0.0
16182 0.0
16185 0.0
16188 0.0
16197 0.0
16209 0.0
16218 0.0
16227 0.0
16230 0.0
16233 0.0
16239 0.0
16254 0.0
16266 0.0
16269 0.0
16278 0.0
16287 0.0
16296 0.0
16302 0.0
16305 0.0
16311 0.0
16314 0.0
16317 0.0
16323 0.0
16326 0.0
16329 0.0
16332 0.0
16335 0.0
16338 0.0
16341 0.0
16344 0.0
16347 0.0
16350 0.0
16353 0.0
16356 0.0
16359 0.0
16362 0.0
16365 0.0
16368 0.0
16371 0.0
16374 0.0
16377 0.0
16380 0.0
16383 0.0
16392 0.0
16395 0.0
16401 0.0
16407 0.0
16410 0.0
16413 0.0
16425 0.0
16428 0.0
16440 0.0
16446 0.0
16449 0.0
16452 0.0
16455 0.0
16485 0.0
16491 0.0
16497 0.0
16500 0.0
16506 0.0
16509 0.0
16512 0.0
16515 0.0
16521 0.0
16524 0.0
16527 0.0
16530 0.0
16536 0.0
16539 0.0
16542 0.0
16545 0.0
16548 0.0
16554 0.0
16557 0.0
16563 0.0
16566 0.0
16608 0.0
16614 0.0
16623 0.0
16632 0.0
16635 0.0
16638 0.0
16650 0.0
16659 0.0
16662 0.0
16665 0.0
16677 0.0
16680 0.0
16683 0.0
16686 0.0
16689 0.0
16698 0.0
16704 0.0
16716 0.0
16719 0.0
16722 0.0
16725 0.0
16728 0.0
16731 0.0
16734 0.0
16740 0.0
16743 0.0
16746 0.0
16752 0.0
16755 0.0
16758 0.0
16761 0.0
16767 0.0
16770 0.0
16773 0.0
16776 0.0
16779 0.0
16785 0.0
16791 0.0
16794 0.0
16803 0.0
16806 0.0
16809 0.0
16815 0.0
16818 0.0
16821 0.0
16824 0.0
16827 0.0
16830 0.0
16833 0.0
16836 0.0
16842 0.0
16845 0.0
16848 0.0
16851 0.0
16854 0.0
16857 0.0
16863 0.0
16866 0.0
16869 0.0
16872 0.0
16875 0.0
16887 0.0
16890 0.0
16899 0.0
16911 0.0
16929 0.0
16944 0.0
16947 0.0
16950 0.0
16959 0.0
16965 0.0
16971 0.0
16980 0.0
16998 0.0
17013 0.0
17022 0.0
17028 0.0
17043 0.0
17046 0.0
17052 0.0
17055 0.0
17064 0.0
17067 0.0
17070 0.0
17073 0.0
17079 0.0
17094 0.0
17097 0.0
17112 0.0
17115 0.0
17118 0.0
17121 0.0
17124 0.0
17127 0.0
17130 0.0
17133 0.0
17136 0.0
17139 0.0
17142 0.0
17145 0.0
17148 0.0
17151 0.0
17154 0.0
17157 0.0
17163 0.0
17166 0.0
17169 0.0
17172 0.0
17175 0.0
17178 0.0
17184 0.0
17187 0.0
17190 0.0
17193 0.0
17196 0.0
17199 0.0
17202 0.0
17208 0.0
17211 0.0
17214 0.0
17217 0.0
17220 0.0
17223 0.0
17229 0.0
17241 0.0
17247 0.0
17253 0.0
17256 0.0
17259 0.0
17262 0.0
17265 0.0
17271 0.0
17274 0.0
17277 0.0
17280 0.0
17283 0.0
17286 0.0
17289 0.0
17292 0.0
17295 0.0
17298 0.0
17301 0.0
17304 0.0
17307 0.0
17310 0.0
17313 0.0
17316 0.0
17319 0.0
17322 0.0
17325 0.0
17328 0.0
17331 0.0
17334 0.0
17337 0.0
17340 0.0
17343 0.0
17346 0.0
17349 0.0
17352 0.0
17355 0.0
17358 0.0
17361 0.0
17364 0.0
17367 0.0
17373 0.0
17376 0.0
17382 0.0
17385 0.0
17388 0.0
17391 0.0
17394 0.0
17397 0.0
17400 0.0
17403 0.0
17406 0.0
17409 0.0
17412 0.0
17415 0.0
17418 0.0
17424 0.0
17427 0.0
17430 0.0
17433 0.0
17436 0.0
17439 0.0
17445 0.0
17448 0.0
17451 0.0
17454 0.0
17457 0.0
17460 0.0
17463 0.0
17466 0.0
17469 0.0
17472 0.0
17475 0.0
17484 0.0
17487 0.0
17490 0.0
17493 0.0
17496 0.0
17499 0.0
17502 0.0
17505 0.0
17508 0.0
17511 0.0
17514 0.0
17517 0.0
17520 0.0
17523 0.0
17526 0.0
17529 0.0
17532 0.0
17535 0.0
17538 0.0
17541 0.0
17544 0.0
17547 0.0
17550 0.0
17553 0.0
17556 0.0
17559 0.0
17562 0.0
17568 0.0
17571 0.0
17574 0.0
17577 0.0
17580 0.0
17583 0.0
17586 0.0
17589 0.0
17592 0.0
17595 0.0
17598 0.0
17601 0.0
17604 0.0
17607 0.0
17610 0.0
17613 0.0
17616 0.0
17619 0.0
17622 0.0
17625 0.0
17628 0.0
17634 0.0
17637 0.0
17640 0.0
17643 0.0
17646 0.0
17649 0.0
17652 0.0
17658 0.0
17661 0.0
17664 0.0
17667 0.0
17673 0.0
17676 0.0
17679 0.0
17682 0.0
17685 0.0
17688 0.0
17691 0.0
17694 0.0
17700 0.0
17703 0.0
17709 0.0
17712 0.0
17715 0.0
17718 0.0
17721 0.0
17724 0.0
17727 0.0
17730 0.0
17733 0.0
17736 0.0
17739 0.0
17742 0.0
17745 0.0
17751 0.0
17754 0.0
17757 0.0
17760 0.0
17763 0.0
17766 0.0
17769 0.0
17772 0.0
17793 0.0
17802 0.0
17805 0.0
17814 0.0
17817 0.0
17820 0.0
17823 0.0
17826 0.0
17829 0.0
17838 0.0
17847 0.0
17862 0.0
17868 0.0
17871 0.0
17874 0.0
17889 0.0
17895 0.0
17898 0.0
17904 0.0
17910 0.0
17913 0.0
17916 0.0
17919 0.0
17934 0.0
17937 0.0
17940 0.0
17943 0.0
17949 0.0
17955 0.0
17958 0.0
17964 0.0
17976 0.0
17979 0.0
17982 0.0
17994 0.0
18009 0.0
18015 0.0
18021 0.0
18024 0.0
18027 0.0
18030 0.0
18048 0.0
18054 0.0
18060 0.0
18072 0.0
18087 0.0
18090 0.0
18099 0.0
18108 0.0
18111 0.0
18114 0.0
18117 0.0
18120 0.0
18129 0.0
18135 0.0
18138 0.0
18144 0.0
18150 0.0
18156 0.0
18159 0.0
18162 0.0
18168 0.0
18189 0.0
18192 0.0
18198 0.0
18201 0.0
18213 0.0
18228 0.0
18243 0.0
18246 0.0
18252 0.0
18255 0.0
18258 0.0
18267 0.0
18270 0.0
18276 0.0
18282 0.0
18285 0.0
18288 0.0
18291 0.0
18294 0.0
18300 0.0
18318 0.0
18321 0.0
18324 0.0
18327 0.0
18339 0.0
18345 0.0
18348 0.0
18351 0.0
18354 0.0
18357 0.0
18360 0.0
18363 0.0
18366 0.0
18375 0.0
18381 0.0
18384 0.0
18396 0.0
18399 0.0
18420 0.0
18450 0.0
18453 0.0
18456 0.0
18462 0.0
18465 0.0
18471 0.0
18474 0.0
18477 0.0
18498 0.0
18501 0.0
18510 0.0
18516 0.0
18522 0.0
18537 0.0
18543 0.0
18549 0.0
18561 0.0
18564 0.0
18591 0.0
18606 0.0
18609 0.0
18612 0.0
18618 0.0
18621 0.0
18624 0.0
18627 0.0
18630 0.0
18633 0.0
18639 0.0
18642 0.0
18648 0.0
18651 0.0
18657 0.0
18663 0.0
18669 0.0
18672 0.0
18675 0.0
18684 0.0
18687 0.0
18690 0.0
18699 0.0
18708 0.0
18711 0.0
18714 0.0
18720 0.0
18723 0.0
18726 0.0
18729 0.0
18735 0.0
18738 0.0
18741 0.0
18744 0.0
18747 0.0
18756 0.0
18759 0.0
18762 0.0
18765 0.0
18768 0.0
18771 0.0
18777 0.0
18780 0.0
18783 0.0
18792 0.0
18795 0.0
18822 0.0
18825 0.0
18828 0.0
18831 0.0
18837 0.0
18849 0.0
18861 0.0
18864 0.0
18894 0.0
18915 0.0
18927 0.0
18930 0.0
18954 0.0
18957 0.0
18960 0.0
18966 0.0
18972 0.0
18990 0.0
18993 0.0
18996 0.0
18999 0.0
19002 0.0
19005 0.0
19020 0.0
19026 0.0
19071 0.0
19080 0.0
19086 0.0
19116 0.0
19119 0.0
19122 0.0
19131 0.0
19134 0.0
19137 0.0
19140 0.0
19143 0.0
19146 0.0
19152 0.0
19155 0.0
19158 0.0
19161 0.0
19164 0.0
19167 0.0
19170 0.0
19173 0.0
19176 0.0
19179 0.0
19182 0.0
19185 0.0
19188 0.0
19191 0.0
19203 0.0
19206 0.0
19209 0.0
19212 0.0
19215 0.0
19218 0.0
19221 0.0
19227 0.0
19230 0.0
19242 0.0
19245 0.0
19248 0.0
19251 0.0
19254 0.0
19263 0.0
19266 0.0
19269 0.0
19272 0.0
19275 0.0
19281 0.0
19287 0.0
19293 0.0
19296 0.0
19299 0.0
19302 0.0
19305 0.0
19308 0.0
19311 0.0
19314 0.0
19317 0.0
19320 0.0
19323 0.0
19326 0.0
19329 0.0
19332 0.0
19335 0.0
19341 0.0
19344 0.0
19350 0.0
19356 0.0
19359 0.0
19362 0.0
19371 0.0
19383 0.0
19395 0.0
19410 0.0
19413 0.0
19416 0.0
19419 0.0
19422 0.0
19434 0.0
19446 0.0
19452 0.0
19458 0.0
19473 0.0
19485 0.0
19488 0.0
19491 0.0
19494 0.0
19497 0.0
19500 0.0
19503 0.0
19506 0.0
19509 0.0
19512 0.0
19524 0.0
19527 0.0
19545 0.0
19551 0.0
19554 0.0
19566 0.0
19569 0.0
19575 0.0
19578 0.0
19584 0.0
19587 0.0
19593 0.0
19638 0.0
19641 0.0
19644 0.0
19650 0.0
19653 0.0
19656 0.0
19659 0.0
19662 0.0
19665 0.0
19668 0.0
19671 0.0
19674 0.0
19677 0.0
19680 0.0
19683 0.0
19686 0.0
19689 0.0
19692 0.0
19698 0.0
19704 0.0
19707 0.0
19716 0.0
19725 0.0
19728 0.0
19737 0.0
19743 0.0
19749 0.0
19761 0.0
19788 0.0
19800 0.0
19809 0.0
19812 0.0
19824 0.0
19827 0.0
19833 0.0
19839 0.0
19848 0.0
19851 0.0
19854 0.0
19857 0.0
19869 0.0
19875 0.0
19902 0.0
19926 0.0
19938 0.0
19947 0.0
19950 0.0
19992 0.0
19995 0.0
20004 0.0
20007 0.0
20013 0.0
20022 0.0
20025 0.0
20028 0.0
20043 0.0
20046 0.0
20052 0.0
20067 0.0
20103 0.0
20109 0.0
20133 0.0
20136 0.0
20139 0.0
20169 0.0
20172 0.0
20175 0.0
20178 0.0
20181 0.0
20190 0.0
20193 0.0
20196 0.0
20199 0.0
20202 0.0
20211 0.0
20223 0.0
20226 0.0
20229 0.0
20235 0.0
20238 0.0
20241 0.0
20244 0.0
20247 0.0
20253 0.0
20256 0.0
20259 0.0
20262 0.0
20265 0.0
20271 0.0
20289 0.0
20292 0.0
20295 0.0
20298 0.0
20301 0.0
20304 0.0
20310 0.0
20313 0.0
20316 0.0
20319 0.0
20322 0.0
20325 0.0
20328 0.0
20331 0.0
20334 0.0
20337 0.0
20340 0.0
20343 0.0
20349 0.0
20352 0.0
20355 0.0
20358 0.0
20364 0.0
20367 0.0
20370 0.0
20373 0.0
20376 0.0
20379 0.0
20385 0.0
20388 0.0
20391 0.0
20394 0.0
20403 0.0
20406 0.0
20409 0.0
20412 0.0
20415 0.0
20418 0.0
20421 0.0
20424 0.0
20427 0.0
20442 0.0
20451 0.0
20457 0.0
20460 0.0
20469 0.0
20472 0.0
20475 0.0
20478 0.0
20481 0.0
20520 0.0
20586 0.0
20601 0.0
20604 0.0
20607 0.0
20610 0.0
20613 0.0
20637 0.0
20655 0.0
20676 0.0
20745 0.0
20748 0.0
20754 0.0
20757 0.0
20760 0.0
20763 0.0
20766 0.0
20769 0.0
20772 0.0
20775 0.0
20796 0.0
20799 0.0
20802 0.0
20823 0.0
20826 0.0
20829 0.0
20841 0.0
20847 0.0
20853 0.0
20856 0.0
20871 0.0
20889 0.0
20892 0.0
20907 0.0
20922 0.0
20925 0.0
20928 0.0
20934 0.0
20937 0.0
20940 0.0
20943 0.0
20946 0.0
20949 0.0
20952 0.0
20955 0.0
20958 0.0
20961 0.0
20970 0.0
20976 0.0
20988 0.0
20991 0.0
20994 0.0
21003 0.0
21018 0.0
21036 0.0
21081 0.0
21096 0.0
21099 0.0
21102 0.0
21105 0.0
21108 0.0
21120 0.0
21123 0.0
21126 0.0
21129 0.0
21135 0.0
21144 0.0
21147 0.0
21150 0.0
21153 0.0
21156 0.0
21162 0.0
21165 0.0
21168 0.0
21171 0.0
21174 0.0
21177 0.0
21180 0.0
21183 0.0
21186 0.0
21189 0.0
21192 0.0
21195 0.0
21198 0.0
21201 0.0
21204 0.0
21207 0.0
21210 0.0
21213 0.0
21216 0.0
21219 0.0
21222 0.0
21225 0.0
21228 0.0
21249 0.0
21252 0.0
21258 0.0
21264 0.0
21267 0.0
21306 0.0
21312 0.0
21321 0.0
21324 0.0
21327 0.0
21333 0.0
21342 0.0
21345 0.0
21348 0.0
21351 0.0
21363 0.0
21366 0.0
21369 0.0
21384 0.0
21387 0.0
21390 0.0
21393 0.0
21396 0.0
21399 0.0
21405 0.0
21411 0.0
21414 0.0
21417 0.0
21420 0.0
21426 0.0
21429 0.0
21444 0.0
21450 0.0
21453 0.0
21456 0.0
21459 0.0
21462 0.0
21465 0.0
21468 0.0
21471 0.0
21492 0.0
21498 0.0
21501 0.0
21504 0.0
21507 0.0
21510 0.0
21513 0.0
21516 0.0
21519 0.0
21522 0.0
21525 0.0
21531 0.0
21537 0.0
21540 0.0
21543 0.0
21546 0.0
21549 0.0
21552 0.0
21555 0.0
21558 0.0
21561 0.0
21564 0.0
21567 0.0
21570 0.0
21573 0.0
21576 0.0
21579 0.0
21585 0.0
21588 0.0
21591 0.0
21594 0.0
21597 0.0
21600 0.0
21603 0.0
21606 0.0
21609 0.0
21612 0.0
21615 0.0
21618 0.0
21621 0.0
21624 0.0
21627 0.0
21630 0.0
21633 0.0
21636 0.0
21639 0.0
21642 0.0
21645 0.0
21648 0.0
21651 0.0
21654 0.0
21657 0.0
21660 0.0
21663 0.0
21666 0.0
21669 0.0
21672 0.0
21675 0.0
21678 0.0
21681 0.0
21684 0.0
21687 0.0
21690 0.0
21693 0.0
21696 0.0
21699 0.0
21702 0.0
21711 0.0
21714 0.0
21717 0.0
21720 0.0
21723 0.0
21729 0.0
21732 0.0
21735 0.0
21738 0.0
21741 0.0
21744 0.0
21747 0.0
21750 0.0
21753 0.0
21756 0.0
21759 0.0
21762 0.0
21765 0.0
21768 0.0
21771 0.0
21774 0.0
21777 0.0
21780 0.0
21783 0.0
21789 0.0
21792 0.0
21795 0.0
21798 0.0
21804 0.0
21807 0.0
21810 0.0
21813 0.0
21816 0.0
21819 0.0
21822 0.0
21825 0.0
21828 0.0
21831 0.0
21834 0.0
21837 0.0
21840 0.0
21843 0.0
21846 0.0
21849 0.0
21852 0.0
21855 0.0
21858 0.0
21861 0.0
21864 0.0
21867 0.0
21870 0.0
21873 0.0
21876 0.0
21882 0.0
21885 0.0
21888 0.0
21891 0.0
21894 0.0
21897 0.0
21900 0.0
21903 0.0
21906 0.0
21909 0.0
21912 0.0
21915 0.0
21921 0.0
21924 0.0
21927 0.0
21930 0.0
21936 0.0
21939 0.0
21942 0.0
21948 0.0
21963 0.0
21978 0.0
22005 0.0
22011 0.0
22017 0.0
22023 0.0
22047 0.0
22050 0.0
22056 0.0
22059 0.0
22062 0.0
22068 0.0
22071 0.0
22077 0.0
22080 0.0
22083 0.0
22092 0.0
22095 0.0
22107 0.0
22110 0.0
22113 0.0
22119 0.0
22122 0.0
22125 0.0
22128 0.0
22137 0.0
22143 0.0
22152 0.0
22155 0.0
22161 0.0
22167 0.0
22170 0.0
22182 0.0
22191 0.0
22194 0.0
22197 0.0
22203 0.0
22206 0.0
22209 0.0
22212 0.0
22215 0.0
22218 0.0
22221 0.0
22224 0.0
22227 0.0
22233 0.0
22236 0.0
22242 0.0
22248 0.0
22251 0.0
22254 0.0
22257 0.0
22260 0.0
22266 0.0
22269 0.0
22272 0.0
22275 0.0
22278 0.0
22281 0.0
22284 0.0
22287 0.0
22290 0.0
22293 0.0
22296 0.0
22299 0.0
22302 0.0
22305 0.0
22308 0.0
22311 0.0
22314 0.0
22317 0.0
22320 0.0
22323 0.0
22326 0.0
22329 0.0
22332 0.0
22335 0.0
22338 0.0
22347 0.0
22353 0.0
22356 0.0
22371 0.0
22374 0.0
22377 0.0
22380 0.0
22383 0.0
22386 0.0
22398 0.0
22401 0.0
22404 0.0
22413 0.0
22419 0.0
22425 0.0
22428 0.0
22431 0.0
22437 0.0
22440 0.0
22443 0.0
22449 0.0
22458 0.0
22464 0.0
22470 0.0
22473 0.0
22476 0.0
22479 0.0
22482 0.0
22485 0.0
22488 0.0
22494 0.0
22497 0.0
22500 0.0
22503 0.0
22506 0.0
22509 0.0
22518 0.0
22530 0.0
22533 0.0
22536 0.0
22569 0.0
22575 0.0
22578 0.0
22596 0.0
22602 0.0
22605 0.0
22611 0.0
22614 0.0
22617 0.0
22644 0.0
22647 0.0
22650 0.0
22668 0.0
22671 0.0
22674 0.0
22692 0.0
22701 0.0
22725 0.0
22728 0.0
22731 0.0
22734 0.0
22746 0.0
22749 0.0
22755 0.0
22758 0.0
22761 0.0
22764 0.0
22776 0.0
22788 0.0
22803 0.0
22815 0.0
22818 0.0
22821 0.0
22824 0.0
22857 0.0
22869 0.0
22875 0.0
22881 0.0
22896 0.0
22899 0.0
22905 0.0
22914 0.0
22920 0.0
22923 0.0
22926 0.0
22929 0.0
22932 0.0
22935 0.0
22938 0.0
22941 0.0
22944 0.0
22947 0.0
22950 0.0
22953 0.0
22956 0.0
22959 0.0
22962 0.0
22965 0.0
22968 0.0
22971 0.0
22974 0.0
22977 0.0
22980 0.0
22983 0.0
22986 0.0
22989 0.0
22992 0.0
22995 0.0
22998 0.0
23001 0.0
23004 0.0
23010 0.0
23013 0.0
23016 0.0
23019 0.0
23022 0.0
23028 0.0
23031 0.0
23055 0.0
23058 0.0
23064 0.0
23082 0.0
23088 0.0
23097 0.0
23100 0.0
23103 0.0
23106 0.0
23109 0.0
23124 0.0
23142 0.0
23151 0.0
23157 0.0
23160 0.0
23175 0.0
23178 0.0
23181 0.0
23202 0.0
23205 0.0
23217 0.0
23220 0.0
23229 0.0
23241 0.0
23244 0.0
23253 0.0
23274 0.0
23283 0.0
23286 0.0
23289 0.0
23295 0.0
23298 0.0
23301 0.0
23304 0.0
23310 0.0
23313 0.0
23316 0.0
23319 0.0
23322 0.0
23325 0.0
23331 0.0
23334 0.0
23340 0.0
23343 0.0
23346 0.0
23349 0.0
23355 0.0
23358 0.0
23361 0.0
23367 0.0
23370 0.0
23376 0.0
23379 0.0
23382 0.0
23385 0.0
23388 0.0
23391 0.0
23394 0.0
23397 0.0
23400 0.0
23403 0.0
23406 0.0
23409 0.0
23412 0.0
23415 0.0
23418 0.0
23424 0.0
23427 0.0
23430 0.0
23433 0.0
23436 0.0
23439 0.0
23442 0.0
23454 0.0
23457 0.0
23463 0.0
23466 0.0
23472 0.0
23481 0.0
23487 0.0
23496 0.0
23499 0.0
23505 0.0
23514 0.0
23520 0.0
23523 0.0
23535 0.0
23541 0.0
23562 0.0
23574 0.0
23586 0.0
23589 0.0
23592 0.0
23595 0.0
23598 0.0
23604 0.0
23610 0.0
23616 0.0
23619 0.0
23625 0.0
23628 0.0
23631 0.0
23634 0.0
23637 0.0
23640 0.0
23643 0.0
23655 0.0
23658 0.0
23667 0.0
23673 0.0
23688 0.0
23691 0.0
23694 0.0
23697 0.0
23700 0.0
23703 0.0
23709 0.0
23715 0.0
23718 0.0
23721 0.0
23724 0.0
23727 0.0
23733 0.0
23736 0.0
23748 0.0
23751 0.0
23757 0.0
23769 0.0
23775 0.0
23787 0.0
23790 0.0
23793 0.0
23796 0.0
23799 0.0
23805 0.0
23811 0.0
23814 0.0
23817 0.0
23820 0.0
23823 0.0
23826 0.0
23829 0.0
23832 0.0
23835 0.0
23838 0.0
23841 0.0
23844 0.0
23847 0.0
23850 0.0
23853 0.0
23856 0.0
23859 0.0
23862 0.0
23865 0.0
23871 0.0
23883 0.0
23889 0.0
23895 0.0
23901 0.0
23919 0.0
23925 0.0
23934 0.0
23949 0.0
23952 0.0
23955 0.0
23961 0.0
23964 0.0
23973 0.0
23982 0.0
23985 0.0
23988 0.0
23991 0.0
23994 0.0
23997 0.0
24003 0.0
24021 0.0
24027 0.0
24030 0.0
24039 0.0
24042 0.0
24045 0.0
24048 0.0
24057 0.0
24060 0.0
24066 0.0
24069 0.0
24072 0.0
24075 0.0
24078 0.0
24087 0.0
24090 0.0
24093 0.0
24096 0.0
24102 0.0
24105 0.0
24108 0.0
24111 0.0
24114 0.0
24117 0.0
24120 0.0
24123 0.0
24129 0.0
24132 0.0
24135 0.0
24138 0.0
24141 0.0
24156 0.0
24165 0.0
24183 0.0
24195 0.0
24204 0.0
24216 0.0
24219 0.0
24243 0.0
24270 0.0
24273 0.0
24276 0.0
24285 0.0
24288 0.0
24291 0.0
24309 0.0
24312 0.0
24318 0.0
24336 0.0
24339 0.0
24348 0.0
24354 0.0
24360 0.0
24363 0.0
24372 0.0
24375 0.0
24378 0.0
24381 0.0
24384 0.0
24387 0.0
24390 0.0
24393 0.0
24396 0.0
24399 0.0
24402 0.0
24405 0.0
24408 0.0
24411 0.0
24414 0.0
24417 0.0
24420 0.0
24423 0.0
24429 0.0
24432 0.0
24435 0.0
24438 0.0
24441 0.0
24453 0.0
24462 0.0
24465 0.0
24477 0.0
24480 0.0
24483 0.0
24486 0.0
24492 0.0
24495 0.0
24498 0.0
24507 0.0
24513 0.0
24519 0.0
24522 0.0
24552 0.0
24564 0.0
24573 0.0
24582 0.0
24594 0.0
24597 0.0
24600 0.0
24606 0.0
24609 0.0
24612 0.0
24615 0.0
24618 0.0
24621 0.0
24624 0.0
24648 0.0
24651 0.0
24654 0.0
24660 0.0
24663 0.0
24666 0.0
24669 0.0
24675 0.0
24678 0.0
24687 0.0
24696 0.0
24699 0.0
24708 0.0
24714 0.0
24717 0.0
24720 0.0
24726 0.0
24729 0.0
24738 0.0
24741 0.0
24744 0.0
24750 0.0
24756 0.0
24759 0.0
24762 0.0
24765 0.0
24768 0.0
24771 0.0
24777 0.0
24783 0.0
24786 0.0
24789 0.0
24792 0.0
24795 0.0
24804 0.0
24816 0.0
24819 0.0
24822 0.0
24828 0.0
24831 0.0
24834 0.0
24837 0.0
24840 0.0
24843 0.0
24846 0.0
24849 0.0
24852 0.0
24858 0.0
24861 0.0
24864 0.0
24867 0.0
24870 0.0
24873 0.0
24876 0.0
24879 0.0
24882 0.0
24885 0.0
24888 0.0
24891 0.0
24894 0.0
24897 0.0
24900 0.0
24903 0.0
24906 0.0
24909 0.0
24921 0.0
24924 0.0
24927 0.0
24933 0.0
24936 0.0
24942 0.0
24945 0.0
24957 0.0
24966 0.0
24969 0.0
24972 0.0
24975 0.0
24978 0.0
24981 0.0
24984 0.0
24987 0.0
24999 0.0
25014 0.0
25017 0.0
25023 0.0
25026 0.0
25035 0.0
25041 0.0
25050 0.0
25062 0.0
25068 0.0
25074 0.0
25077 0.0
25080 0.0
25086 0.0
25095 0.0
25098 0.0
25101 0.0
25104 0.0
25107 0.0
25110 0.0
25113 0.0
25116 0.0
25119 0.0
25122 0.0
25125 0.0
25128 0.0
25131 0.0
25134 0.0
25146 0.0
25164 0.0
25200 0.0
25215 0.0
25266 0.0
25284 0.0
25305 0.0
25308 0.0
25311 0.0
25314 0.0
25320 0.0
25335 0.0
25338 0.0
25344 0.0
25347 0.0
25353 0.0
25356 0.0
25374 0.0
25377 0.0
25392 0.0
25395 0.0
25431 0.0
25434 0.0
25458 0.0
25467 0.0
25470 0.0
25476 0.0
25479 0.0
25491 0.0
25503 0.0
25506 0.0
25509 0.0
25512 0.0
25515 0.0
25518 0.0
25521 0.0
25524 0.0
25542 0.0
25545 0.0
25563 0.0
25569 0.0
25572 0.0
25575 0.0
25581 0.0
25584 0.0
25587 0.0
25593 0.0
25599 0.0
25602 0.0
25605 0.0
25611 0.0
25614 0.0
25629 0.0
25632 0.0
25641 0.0
25659 0.0
25665 0.0
25668 0.0
25671 0.0
25731 0.0
25737 0.0
25740 0.0
25743 0.0
25758 0.0
25764 0.0
25770 0.0
25776 0.0
25779 0.0
25782 0.0
25794 0.0
25824 0.0
25827 0.0
25833 0.0
25839 0.0
25842 0.0
25845 0.0
25848 0.0
25854 0.0
25857 0.0
25860 0.0
25863 0.0
25866 0.0
25875 0.0
25884 0.0
25887 0.0
25890 0.0
25893 0.0
25911 0.0
25920 0.0
25926 0.0
25941 0.0
25971 0.0
25977 0.0
25980 0.0
25986 0.0
25989 0.0
25995 0.0
25998 0.0
26001 0.0
26010 0.0
26019 0.0
26022 0.0
26031 0.0
26034 0.0
26043 0.0
26046 0.0
26052 0.0
26058 0.0
26061 0.0
26064 0.0
26067 0.0
26070 0.0
26073 0.0
26079 0.0
26082 0.0
26136 0.0
26145 0.0
26148 0.0
26151 0.0
26169 0.0
26181 0.0
26184 0.0
26202 0.0
26211 0.0
26220 0.0
26223 0.0
26226 0.0
26229 0.0
26244 0.0
26274 0.0
26277 0.0
26322 0.0
26325 0.0
26328 0.0
26334 0.0
26337 0.0
26340 0.0
26343 0.0
26352 0.0
26355 0.0
26358 0.0
26361 0.0
26364 0.0
26367 0.0
26370 0.0
26373 0.0
26376 0.0
26385 0.0
26391 0.0
26427 0.0
26430 0.0
26433 0.0
26448 0.0
26463 0.0
26478 0.0
26487 0.0
26499 0.0
26511 0.0
26517 0.0
26520 0.0
26532 0.0
26535 0.0
26538 0.0
26541 0.0
26568 0.0
26571 0.0
26574 0.0
26577 0.0
26580 0.0
26595 0.0
26661 0.0
26664 0.0
26676 0.0
26682 0.0
26685 0.0
26688 0.0
26691 0.0
26694 0.0
26703 0.0
26715 0.0
26718 0.0
26724 0.0
26730 0.0
26742 0.0
26766 0.0
26814 0.0
26820 0.0
26829 0.0
26841 0.0
26847 0.0
26859 0.0
26868 0.0
26871 0.0
26874 0.0
26880 0.0
26886 0.0
26889 0.0
26898 0.0
26904 0.0
26907 0.0
26910 0.0
26913 0.0
26916 0.0
26925 0.0
26931 0.0
26940 0.0
26943 0.0
26946 0.0
26949 0.0
26952 0.0
26955 0.0
26958 0.0
26961 0.0
26964 0.0
26967 0.0
26970 0.0
26973 0.0
26976 0.0
26979 0.0
26988 0.0
26997 0.0
27003 0.0
27006 0.0
27015 0.0
27018 0.0
27021 0.0
27024 0.0
27027 0.0
27030 0.0
27033 0.0
27036 0.0
27039 0.0
27042 0.0
27045 0.0
27048 0.0
27051 0.0
27054 0.0
27057 0.0
27060 0.0
27063 0.0
27066 0.0
27075 0.0
27078 0.0
27084 0.0
27099 0.0
27102 0.0
27108 0.0
27114 0.0
27117 0.0
27123 0.0
27132 0.0
27138 0.0
27147 0.0
27156 0.0
27159 0.0
27168 0.0
27171 0.0
27174 0.0
27177 0.0
27180 0.0
27183 0.0
27186 0.0
27195 0.0
27201 0.0
27204 0.0
27207 0.0
27210 0.0
27213 0.0
27216 0.0
27219 0.0
27222 0.0
27225 0.0
27231 0.0
27234 0.0
27240 0.0
27243 0.0
27246 0.0
27249 0.0
27252 0.0
27255 0.0
27258 0.0
27261 0.0
27264 0.0
27267 0.0
27270 0.0
27273 0.0
27285 0.0
27288 0.0
27294 0.0
27297 0.0
27303 0.0
27309 0.0
27312 0.0
27321 0.0
27324 0.0
27327 0.0
27333 0.0
27336 0.0
27339 0.0
27342 0.0
27345 0.0
27348 0.0
27354 0.0
27360 0.0
27366 0.0
27369 0.0
27372 0.0
27384 0.0
27405 0.0
27408 0.0
27411 0.0
27414 0.0
27429 0.0
27435 0.0
27438 0.0
27441 0.0
27444 0.0
27459 0.0
27462 0.0
27465 0.0
27468 0.0
27471 0.0
27477 0.0
27483 0.0
27495 0.0
27498 0.0
27507 0.0
27510 0.0
27516 0.0
27525 0.0
27534 0.0
27561 0.0
27564 0.0
27570 0.0
27573 0.0
27585 0.0
27588 0.0
27606 0.0
27618 0.0
27621 0.0
27627 0.0
27630 0.0
27633 0.0
27636 0.0
27639 0.0
27657 0.0
27714 0.0
27717 0.0
27726 0.0
27729 0.0
27732 0.0
27738 0.0
27741 0.0
27744 0.0
27747 0.0
27750 0.0
27756 0.0
27759 0.0
27762 0.0
27765 0.0
27768 0.0
27774 0.0
27777 0.0
27780 0.0
27792 0.0
27795 0.0
27798 0.0
27801 0.0
27804 0.0
27807 0.0
27837 0.0
27840 0.0
27843 0.0
27846 0.0
27849 0.0
27864 0.0
27873 0.0
27879 0.0
27882 0.0
27885 0.0
27891 0.0
27897 0.0
27903 0.0
27909 0.0
27912 0.0
27915 0.0
27921 0.0
27924 0.0
27927 0.0
27954 0.0
27960 0.0
27963 0.0
27966 0.0
27969 0.0
27972 0.0
27975 0.0
27981 0.0
27984 0.0
27987 0.0
27990 0.0
27993 0.0
27996 0.0
27999 0.0
28002 0.0
28005 0.0
28062 0.0
28074 0.0
28077 0.0
28095 0.0
28107 0.0
28110 0.0
28113 0.0
28122 0.0
28125 0.0
28131 0.0
28134 0.0
28140 0.0
28143 0.0
28146 0.0
28320 0.0
28389 0.0
28419 0.0
28440 0.0
28443 0.0
28446 0.0
28449 0.0
28458 0.0
28461 0.0
28464 0.0
28467 0.0
28470 0.0
28473 0.0
28476 0.0
28491 0.0
28494 0.0
28497 0.0
28503 0.0
28518 0.0
28521 0.0
28524 0.0
28539 0.0
28542 0.0
28551 0.0
28554 0.0
28557 0.0
28560 0.0
28566 0.0
28569 0.0
28572 0.0
28578 0.0
28581 0.0
28587 0.0
28593 0.0
28599 0.0
28602 0.0
28605 0.0
28614 0.0
28617 0.0
28620 0.0
28623 0.0
28629 0.0
28632 0.0
28641 0.0
28644 0.0
28659 0.0
28662 0.0
28665 0.0
28692 0.0
28704 0.0
28713 0.0
28719 0.0
28722 0.0
28725 0.0
28731 0.0
28737 0.0
28758 0.0
28791 0.0
28800 0.0
28803 0.0
28809 0.0
28815 0.0
28818 0.0
28824 0.0
28827 0.0
28839 0.0
28845 0.0
28848 0.0
28851 0.0
28854 0.0
28857 0.0
28863 0.0
28866 0.0
28869 0.0
28878 0.0
28887 0.0
28911 0.0
28914 0.0
28923 0.0
28926 0.0
28929 0.0
28932 0.0
28941 0.0
28944 0.0
28959 0.0
28968 0.0
28971 0.0
28974 0.0
28977 0.0
28980 0.0
28983 0.0
28986 0.0
28989 0.0
28992 0.0
28995 0.0
29001 0.0
29016 0.0
29022 0.0
29028 0.0
29031 0.0
29034 0.0
29037 0.0
29043 0.0
29046 0.0
29049 0.0
29055 0.0
29058 0.0
29061 0.0
29064 0.0
29067 0.0
29070 0.0
29082 0.0
29085 0.0
29094 0.0
29097 0.0
29100 0.0
29106 0.0
29109 0.0
29112 0.0
29133 0.0
29136 0.0
29142 0.0
29151 0.0
29157 0.0
29163 0.0
29169 0.0
29172 0.0
29175 0.0
29190 0.0
29193 0.0
29196 0.0
29199 0.0
29205 0.0
29208 0.0
29214 0.0
29229 0.0
29238 0.0
29244 0.0
29247 0.0
29262 0.0
29265 0.0
29268 0.0
29286 0.0
29289 0.0
29292 0.0
29295 0.0
29301 0.0
29304 0.0
29307 0.0
29310 0.0
29337 0.0
29340 0.0
29349 0.0
29355 0.0
29361 0.0
29364 0.0
29367 0.0
29370 0.0
29373 0.0
29382 0.0
29394 0.0
29397 0.0
29406 0.0
29409 0.0
29412 0.0
29415 0.0
29418 0.0
29421 0.0
29424 0.0
29427 0.0
29430 0.0
29433 0.0
29445 0.0
29448 0.0
29451 0.0
29454 0.0
29463 0.0
29469 0.0
29472 0.0
29478 0.0
29487 0.0
29490 0.0
29493 0.0
29496 0.0
29505 0.0
29508 0.0
29511 0.0
29514 0.0
29517 0.0
29520 0.0
29523 0.0
29526 0.0
29529 0.0
29532 0.0
29535 0.0
29538 0.0
29547 0.0
29565 0.0
29568 0.0
29583 0.0
29586 0.0
29589 0.0
29595 0.0
29598 0.0
29601 0.0
29604 0.0
29607 0.0
29613 0.0
29616 0.0
29622 0.0
29628 0.0
29631 0.0
29634 0.0
29637 0.0
29640 0.0
29643 0.0
29646 0.0
29649 0.0
29655 0.0
29658 0.0
29661 0.0
29685 0.0
29688 0.0
29694 0.0
29697 0.0
29700 0.0
29706 0.0
29709 0.0
29712 0.0
29715 0.0
29718 0.0
29727 0.0
29730 0.0
29733 0.0
29736 0.0
29739 0.0
29742 0.0
29745 0.0
29748 0.0
29751 0.0
29763 0.0
29766 0.0
29772 0.0
29784 0.0
29787 0.0
29790 0.0
29793 0.0
29796 0.0
29799 0.0
29805 0.0
29808 0.0
29811 0.0
29814 0.0
29817 0.0
29835 0.0
29838 0.0
29844 0.0
29859 0.0
29862 0.0
29865 0.0
29868 0.0
29880 0.0
29886 0.0
29889 0.0
29892 0.0
29895 0.0
29898 0.0
29922 0.0
29925 0.0
29943 0.0
30072 0.0
30075 0.0
30078 0.0
30081 0.0
30084 0.0
30090 0.0
30093 0.0
30096 0.0
30099 0.0
30102 0.0
30105 0.0
30123 0.0
30177 0.0
30186 0.0
30195 0.0
30210 0.0
30228 0.0
30234 0.0
30240 0.0
30246 0.0
30252 0.0
30261 0.0
30267 0.0
30279 0.0
30297 0.0
30300 0.0
30306 0.0
30309 0.0
30312 0.0
30315 0.0
30318 0.0
30321 0.0
30324 0.0
30354 0.0
30363 0.0
30366 0.0
30372 0.0
30375 0.0
30378 0.0
30381 0.0
30384 0.0
30387 0.0
30390 0.0
30396 0.0
30399 0.0
30423 0.0
30426 0.0
30429 0.0
30432 0.0
30435 0.0
30444 0.0
30450 0.0
30453 0.0
30465 0.0
30468 0.0
30471 0.0
30474 0.0
30477 0.0
30480 0.0
30483 0.0
30489 0.0
30492 0.0
30495 0.0
30498 0.0
30525 0.0
30531 0.0
30537 0.0
30546 0.0
30552 0.0
30570 0.0
30579 0.0
30582 0.0
30588 0.0
30597 0.0
30624 0.0
30654 0.0
30657 0.0
30666 0.0
30693 0.0
30723 0.0
30747 0.0
30771 0.0
30774 0.0
30777 0.0
30783 0.0
30786 0.0
30795 0.0
30801 0.0
30837 0.0
30840 0.0
30846 0.0
30858 0.0
30861 0.0
30864 0.0
30870 0.0
30876 0.0
30879 0.0
30885 0.0
30888 0.0
30900 0.0
30915 0.0
30918 0.0
30933 0.0
30987 0.0
30990 0.0
30993 0.0
30996 0.0
30999 0.0
31005 0.0
31032 0.0
31212 0.0
31215 0.0
31365 0.0
31368 0.0
31371 0.0
31374 0.0
31377 0.0
31386 0.0
31389 0.0
31392 0.0
31395 0.0
31404 0.0
31407 0.0
31413 0.0
31416 0.0
31419 0.0
31425 0.0
31428 0.0
31473 0.0
31488 0.0
31503 0.0
31599 0.0
31767 0.0
31773 0.0
31839 0.0
32157 0.0
32166 0.0
32223 0.0
32361 0.0
32730 0.0
32739 0.0
32748 0.0
32751 0.0
32784 0.0
32814 0.0
32817 0.0
32820 0.0
32823 0.0
32826 0.0
32829 0.0
32832 0.0
32835 0.0
32841 0.0
32844 0.0
32847 0.0
32877 0.0
32880 0.0
32898 0.0
32916 0.0
32943 0.0
32946 0.0
32952 0.0
32982 0.0
32988 0.0
32991 0.0
32994 0.0
33003 0.0
33015 0.0
33018 0.0
33024 0.0
33027 0.0
33036 0.0
33039 0.0
33054 0.0
33057 0.0
33063 0.0
33066 0.0
33069 0.0
33072 0.0
33075 0.0
33084 0.0
33087 0.0
33090 0.0
33093 0.0
33102 0.0
33105 0.0
33108 0.0
33111 0.0
33114 0.0
33117 0.0
33120 0.0
33123 0.0
33129 0.0
33135 0.0
33138 0.0
33141 0.0
33150 0.0
33153 0.0
33156 0.0
33159 0.0
33165 0.0
33168 0.0
33177 0.0
33180 0.0
33195 0.0
33261 0.0
33267 0.0
33276 0.0
33282 0.0
33285 0.0
33288 0.0
33291 0.0
33303 0.0
33306 0.0
33318 0.0
33321 0.0
33324 0.0
33330 0.0
33333 0.0
33339 0.0
33342 0.0
33345 0.0
33369 0.0
33375 0.0
33378 0.0
33384 0.0
33387 0.0
33390 0.0
33393 0.0
33396 0.0
33414 0.0
33417 0.0
33429 0.0
33432 0.0
33435 0.0
33438 0.0
33441 0.0
33456 0.0
33459 0.0
33462 0.0
33465 0.0
33468 0.0
33471 0.0
33474 0.0
33477 0.0
33480 0.0
33483 0.0
33486 0.0
33489 0.0
33492 0.0
33495 0.0
33498 0.0
33501 0.0
33504 0.0
33507 0.0
33510 0.0
33513 0.0
33516 0.0
33519 0.0
33522 0.0
33525 0.0
33528 0.0
33531 0.0
33534 0.0
33537 0.0
33540 0.0
33543 0.0
33546 0.0
33549 0.0
33552 0.0
33555 0.0
33558 0.0
33561 0.0
33567 0.0
33570 0.0
33573 0.0
33576 0.0
33579 0.0
33582 0.0
33585 0.0
33588 0.0
33591 0.0
33594 0.0
33597 0.0
33600 0.0
33603 0.0
33606 0.0
33609 0.0
33612 0.0
33678 0.0
33681 0.0
33687 0.0
33690 0.0
33693 0.0
33711 0.0
33714 0.0
33732 0.0
33744 0.0
33747 0.0
33771 0.0
33774 0.0
33777 0.0
33780 0.0
33795 0.0
33804 0.0
33858 0.0
33861 0.0
33879 0.0
33885 0.0
33888 0.0
33891 0.0
33894 0.0
33900 0.0
33903 0.0
33906 0.0
33909 0.0
33912 0.0
33915 0.0
33918 0.0
33921 0.0
33924 0.0
33927 0.0
33930 0.0
33933 0.0
33936 0.0
33939 0.0
33942 0.0
33963 0.0
33966 0.0
33969 0.0
33975 0.0
33993 0.0
33996 0.0
34014 0.0
34017 0.0
34020 0.0
34023 0.0
34026 0.0
34032 0.0
34035 0.0
34041 0.0
34044 0.0
34071 0.0
34074 0.0
34077 0.0
34080 0.0
34089 0.0
34092 0.0
34098 0.0
34101 0.0
34104 0.0
34107 0.0
34125 0.0
34128 0.0
34131 0.0
34137 0.0
34140 0.0
34164 0.0
34167 0.0
34230 0.0
34233 0.0
34344 0.0
34347 0.0
34350 0.0
34356 0.0
34368 0.0
34383 0.0
34392 0.0
34401 0.0
34413 0.0
34431 0.0
34440 0.0
34443 0.0
34449 0.0
34452 0.0
34455 0.0
34458 0.0
34464 0.0
34467 0.0
34494 0.0
34500 0.0
34503 0.0
34506 0.0
34536 0.0
34539 0.0
34545 0.0
34548 0.0
34551 0.0
34554 0.0
34563 0.0
34566 0.0
34590 0.0
34593 0.0
34596 0.0
34599 0.0
34602 0.0
34608 0.0
34611 0.0
34620 0.0
34623 0.0
34635 0.0
34641 0.0
34644 0.0
34647 0.0
34650 0.0
34653 0.0
34656 0.0
34659 0.0
34662 0.0
34665 0.0
34674 0.0
34677 0.0
34680 0.0
34686 0.0
34689 0.0
34692 0.0
34695 0.0
34698 0.0
34701 0.0
34704 0.0
34707 0.0
34710 0.0
34713 0.0
34716 0.0
34719 0.0
34722 0.0
34725 0.0
34743 0.0
34746 0.0
34749 0.0
34764 0.0
34773 0.0
34788 0.0
34791 0.0
34797 0.0
34803 0.0
34815 0.0
34818 0.0
34821 0.0
34824 0.0
34827 0.0
34830 0.0
34833 0.0
34839 0.0
34854 0.0
34878 0.0
34881 0.0
34884 0.0
34890 0.0
34914 0.0
34917 0.0
34923 0.0
34926 0.0
34932 0.0
34938 0.0
34962 0.0
34965 0.0
34977 0.0
34980 0.0
34983 0.0
34986 0.0
34989 0.0
34992 0.0
34995 0.0
34998 0.0
35004 0.0
35007 0.0
35010 0.0
35013 0.0
35031 0.0
35046 0.0
35052 0.0
35055 0.0
35061 0.0
35064 0.0
35070 0.0
35091 0.0
35094 0.0
35100 0.0
35103 0.0
35118 0.0
35121 0.0
35187 0.0
35190 0.0
35196 0.0
35208 0.0
35211 0.0
35220 0.0
35229 0.0
35244 0.0
35253 0.0
35256 0.0
35262 0.0
35280 0.0
35286 0.0
35295 0.0
35298 0.0
35307 0.0
35313 0.0
35316 0.0
35319 0.0
35325 0.0
35334 0.0
35337 0.0
35355 0.0
35358 0.0
35373 0.0
35382 0.0
35385 0.0
35388 0.0
35397 0.0
35424 0.0
35427 0.0
35490 0.0
35493 0.0
35496 0.0
35499 0.0
35502 0.0
35514 0.0
35517 0.0
35544 0.0
35550 0.0
35562 0.0
35565 0.0
35568 0.0
35571 0.0
35574 0.0
35577 0.0
35637 0.0
35640 0.0
35643 0.0
35646 0.0
35664 0.0
35670 0.0
35679 0.0
35682 0.0
35691 0.0
35697 0.0
35700 0.0
35706 0.0
35709 0.0
35715 0.0
35718 0.0
35721 0.0
35724 0.0
35727 0.0
35730 0.0
35733 0.0
35742 0.0
35748 0.0
35751 0.0
35757 0.0
35769 0.0
35778 0.0
35793 0.0
35802 0.0
35811 0.0
35814 0.0
35820 0.0
35832 0.0
35859 0.0
35871 0.0
35880 0.0
35889 0.0
35892 0.0
35895 0.0
35901 0.0
35904 0.0
35907 0.0
35916 0.0
35958 0.0
35973 0.0
35976 0.0
35994 0.0
35997 0.0
36000 0.0
36003 0.0
36021 0.0
36024 0.0
36027 0.0
36039 0.0
36066 0.0
36075 0.0
36081 0.0
36084 0.0
36099 0.0
36108 0.0
36111 0.0
36114 0.0
36120 0.0
36123 0.0
36138 0.0
36141 0.0
36144 0.0
36147 0.0
36153 0.0
36156 0.0
36159 0.0
36177 0.0
36180 0.0
36186 0.0
36189 0.0
36201 0.0
36204 0.0
36216 0.0
36222 0.0
36225 0.0
36237 0.0
36240 0.0
36243 0.0
36246 0.0
36252 0.0
36282 0.0
36285 0.0
36288 0.0
36294 0.0
36297 0.0
36300 0.0
36303 0.0
36306 0.0
36309 0.0
36318 0.0
36321 0.0
36330 0.0
36384 0.0
36387 0.0
36390 0.0
36393 0.0
36528 0.0
36531 0.0
36543 0.0
36546 0.0
36570 0.0
36585 0.0
36600 0.0
36603 0.0
36606 0.0
36609 0.0
36636 0.0
36639 0.0
36666 0.0
36675 0.0
36687 0.0
1818 2.0
2217 2.0
3249 2.0
3588 2.0
3639 2.0
3666 2.0
4038 2.0
4476 2.0
4608 2.0
4650 2.0
5991 2.0
6057 2.0
11679 2.0
13266 2.0
13791 2.0
14115 2.0
14262 2.0
14415 2.0
15267 2.0
15300 2.0
15465 2.0
16422 2.0
18441 2.0
18774 2.0
18786 2.0
18810 2.0
19464 2.0
19872 2.0
20346 2.0
21975 2.0
22014 2.0
23478 2.0
25539 2.0
25761 2.0
25767 2.0
26637 2.0
27096 2.0
27567 2.0
27816 2.0
28014 2.0
28041 2.0
29358 2.0
29484 2.0
30243 2.0
30513 2.0
30834 2.0
32745 2.0
33264 2.0
33954 2.0
34404 2.0
34497 2.0
35058 2.0
35856 2.0
35898 2.0
36291 2.0
36381 2.0
36612 2.0
990 4.0
3651 4.0
4566 4.0
5313 4.0
6261 4.0
6276 4.0
7743 4.0
7794 4.0
10317 4.0
11007 4.0
12981 4.0
14550 4.0
14577 4.0
15180 4.0
15498 4.0
16656 4.0
18387 4.0
18654 4.0
19548 4.0
20439 4.0
20448 4.0
20652 4.0
20661 4.0
23613 4.0
24159 4.0
24222 4.0
25488 4.0
26028 4.0
26049 4.0
26883 4.0
27126 4.0
27300 4.0
27306 4.0
29553 4.0
29562 4.0
32676 4.0
35322 4.0
3111 6.0
4575 6.0
5028 6.0
5649 6.0
5901 6.0
7092 6.0
7410 6.0
12354 6.0
13143 6.0
13671 6.0
13764 6.0
16467 6.0
16470 6.0
17832 6.0
18852 6.0
20625 6.0
20919 6.0
21408 6.0
23946 6.0
28191 6.0
28515 6.0
29283 6.0
29619 6.0
30438 6.0
33315 6.0
33372 6.0
33705 6.0
35115 6.0
36072 6.0
36078 6.0
36150 6.0
699 8.0
2298 8.0
4188 8.0
5175 8.0
5997 8.0
6003 8.0
8085 8.0
15252 8.0
16464 8.0
16812 8.0
18102 8.0
23976 8.0
24951 8.0
27978 8.0
28794 8.0
36597 8.0
729 10.0
2643 10.0
4548 10.0
4731 10.0
4896 10.0
5937 10.0
6447 10.0
8169 10.0
8325 10.0
8715 10.0
10245 10.0
12048 10.0
13746 10.0
16203 10.0
19017 10.0
22230 10.0
23337 10.0
23886 10.0
24153 10.0
25650 10.0
27351 10.0
4233 12.0
5919 12.0
6120 12.0
6768 12.0
7611 12.0
7692 12.0
8685 12.0
10557 12.0
11754 12.0
12291 12.0
16083 12.0
16494 12.0
18279 12.0
21402 12.0
21423 12.0
24948 12.0
24954 12.0
36135 12.0
3336 14.0
8583 14.0
9021 14.0
24186 14.0
3885 15.0
660 16.0
690 16.0
7695 16.0
9510 16.0
11526 16.0
18531 16.0
20307 16.0
23892 16.0
27900 16.0
27918 17.0
2514 18.0
3102 18.0
4173 18.0
8214 18.0
9255 18.0
14040 18.0
22557 18.0
22566 18.0
474 20.0
5112 20.0
8322 20.0
11250 20.0
16419 20.0
28638 20.0
7674 21.0
15282 21.0
96 22.0
4860 22.0
11085 22.0
13197 22.0
15912 22.0
20232 22.0
23868 22.0
5682 23.0
747 24.0
1173 24.0
2499 24.0
7869 24.0
10305 24.0
10692 24.0
12327 24.0
26388 24.0
1311 25.0
3462 26.0
3516 26.0
7584 26.0
25791 26.0
5316 27.0
4728 28.0
7269 28.0
7956 28.0
8241 28.0
10806 28.0
13104 28.0
2772 30.0
2928 30.0
4899 30.0
25869 30.0
23373 32.0
25803 32.0
4296 34.0
15297 34.0
20274 34.0
783 36.0
6942 36.0
8979 36.0
13059 37.0
3045 38.0
4707 38.0
2976 40.0
4560 40.0
11190 40.0
15888 40.0
1545 42.0
13812 42.0
1146 43.0
4488 44.0
12471 44.0
2742 46.0
11688 46.0
25158 48.0
10560 49.0
6015 50.0
6807 50.0
7947 50.0
3552 52.0
26583 52.0
26853 52.0
8709 54.0
12339 54.0
14913 54.0
18018 55.0
1329 56.0
4149 58.0
24357 58.0
4461 60.0
807 62.0
22239 62.0
2616 63.0
7737 64.0
4377 66.0
6792 66.0
7353 66.0
2031 68.0
5874 70.0
20157 70.0
339 71.0
2670 71.0
3144 71.0
5499 72.0
22599 72.0
1764 74.0
7509 74.0
27192 77.0
1239 78.0
3195 78.0
21528 78.0
29883 79.0
5331 80.0
6654 80.0
22176 80.0
3294 81.0
3690 81.0
7008 82.0
3372 83.0
3408 83.0
4014 83.0
26721 83.0
5319 86.0
6051 88.0
11064 89.0
2496 92.0
4368 92.0
6666 92.0
17922 94.0
22911 94.0
3849 96.0
2919 97.0
5091 97.0
7974 102.0
4812 103.0
1917 104.0
13002 104.0
756 105.0
1890 108.0
1098 109.0
606 112.0
6486 112.0
8748 115.0
5340 118.0
7167 118.0
1707 120.0
23682 120.0
22416 121.0
7467 125.0
282 126.0
20250 126.0
1011 127.0
16617 127.0
9636 130.0
10827 130.0
4539 132.0
14232 132.0
4452 135.0
3222 136.0
7005 140.0
11196 140.0
4515 143.0
5952 143.0
1839 144.0
3768 144.0
5178 144.0
10845 147.0
26856 148.0
4113 150.0
25647 150.0
26832 150.0
705 151.0
11058 151.0
5832 155.0
9531 156.0
12765 156.0
14823 156.0
561 157.0
3039 158.0
3261 158.0
4545 158.0
2277 166.0
6810 170.0
16044 170.0
8706 172.0
3267 176.0
5205 176.0
27150 176.0
23034 178.0
9216 182.0
1983 187.0
1092 188.0
23421 190.0
6168 192.0
7629 192.0
930 193.0
552 194.0
2517 194.0
20205 197.0
1716 198.0
4302 199.0
22032 200.0
4353 202.0
20628 202.0
11634 208.0
249 209.0
6105 209.0
9276 211.0
633 212.0
2103 212.0
3264 214.0
4395 214.0
4413 214.0
4119 216.0
5382 218.0
5778 218.0
8040 218.0
10608 218.0
3141 220.0
5187 220.0
1020 223.0
297 224.0
3522 224.0
11496 230.0
1023 231.0
11199 232.0
27072 234.0
330 235.0
894 236.0
10524 236.0
108 241.0
1683 248.0
9354 249.0
12174 250.0
2379 251.0
4482 252.0
11127 257.0
1350 258.0
4143 258.0
5130 258.0
5478 260.0
8751 260.0
906 261.0
2076 263.0
7050 264.0
11934 264.0
8580 267.0
14442 272.0
5376 273.0
4284 274.0
22029 274.0
6825 276.0
23601 284.0
2583 286.0
5658 286.0
12447 287.0
7938 288.0
14043 290.0
363 296.0
8223 296.0
12945 304.0
7842 306.0
11928 307.0
2628 312.0
11370 312.0
5466 313.0
9486 314.0
306 316.0
2508 324.0
1248 326.0
4842 326.0
2925 332.0
3231 338.0
6336 338.0
4866 340.0
1149 343.0
3147 346.0
6855 352.0
6891 352.0
14073 361.0
10605 362.0
15399 364.0
9258 365.0
19581 371.0
22908 372.0
3114 380.0
11445 382.0
5196 383.0
2841 386.0
10338 388.0
10848 389.0
4887 394.0
20361 394.0
1491 396.0
2457 396.0
5907 398.0
20643 398.0
1776 400.0
933 407.0
4314 410.0
13572 412.0
22407 412.0
534 422.0
4335 422.0
3618 432.0
4623 432.0
14106 440.0
555 443.0
732 449.0
10185 452.0
14871 452.0
9231 456.0
11877 456.0
2646 459.0
3795 460.0
5214 465.0
5082 466.0
10953 467.0
9171 470.0
2199 474.0
795 475.0
4380 478.0
14844 483.0
26811 484.0
26817 494.0
4605 498.0
1209 500.0
3438 506.0
6552 506.0
10797 509.0
5727 510.0
6126 512.0
2538 518.0
6129 521.0
5142 522.0
2733 525.0
6687 530.0
7362 535.0
1623 542.0
6372 544.0
6861 548.0
459 550.0
2337 550.0
7065 550.0
10542 550.0
2511 560.0
7728 564.0
16749 574.0
2721 582.0
5244 584.0
9906 584.0
2946 597.0
12090 597.0
1287 599.0
4386 611.0
7047 611.0
2382 615.0
21705 617.0
16611 621.0
246 627.0
5352 628.0
2847 638.0
546 641.0
5715 646.0
495 655.0
3093 657.0
3459 659.0
11043 662.0
26526 662.0
22035 664.0
18834 672.0
1416 674.0
4800 674.0
7443 675.0
6180 686.0
11628 686.0
26709 698.0
3399 700.0
10710 701.0
8232 706.0
9786 708.0
20286 710.0
1377 718.0
1947 718.0
9330 720.0
6189 723.0
22446 724.0
5301 726.0
5271 730.0
8166 741.0
6840 761.0
4125 762.0
3384 791.0
6024 792.0
8529 794.0
2943 799.0
3219 803.0
6873 807.0
7662 814.0
11121 820.0
15942 820.0
17670 826.0
17655 833.0
11694 836.0
1662 837.0
3021 844.0
11286 844.0
9942 846.0
10821 847.0
4062 850.0
4317 853.0
26529 853.0
7521 866.0
2937 867.0
10521 887.0
4599 888.0
9474 892.0
7815 896.0
16878 900.0
14178 911.0
7326 912.0
5769 920.0
13194 962.0
1317 968.0
16386 976.0
23352 977.0
11868 978.0
5226 981.0
7398 981.0
522 983.0
4392 988.0
23451 990.0
4683 995.0
2529 998.0
1929 1002.0
5277 1004.0
6894 1016.0
9579 1018.0
17226 1018.0
1647 1019.0
3258 1031.0
708 1039.0
5322 1043.0
5157 1045.0
7146 1062.0
1143 1066.0
20268 1067.0
8511 1078.0
8883 1081.0
11670 1082.0
1479 1085.0
1089 1106.0
5424 1106.0
6429 1108.0
9225 1113.0
3177 1114.0
2013 1120.0
6867 1120.0
7281 1136.0
5775 1152.0
429 1153.0
4077 1153.0
23517 1154.0
17085 1162.0
5400 1167.0
9867 1171.0
4695 1172.0
2592 1181.0
8031 1182.0
288 1192.0
11076 1199.0
9297 1200.0
5625 1202.0
936 1204.0
20208 1204.0
11229 1209.0
1689 1210.0
21432 1232.0
17268 1234.0
34683 1244.0
7437 1260.0
6216 1274.0
2022 1278.0
1584 1286.0
2766 1303.0
1548 1307.0
2913 1308.0
9825 1317.0
312 1344.0
4239 1347.0
1140 1348.0
8655 1348.0
4167 1352.0
4071 1354.0
7989 1378.0
17442 1384.0
11394 1387.0
1941 1389.0
3120 1396.0
4281 1402.0
1206 1414.0
8364 1433.0
4209 1442.0
6279 1463.0
2559 1464.0
627 1466.0
8310 1466.0
882 1467.0
768 1471.0
1134 1495.0
5199 1505.0
4440 1514.0
4218 1520.0
14301 1525.0
5946 1552.0
2052 1584.0
11088 1600.0
1713 1608.0
2922 1608.0
5223 1617.0
507 1633.0
2814 1634.0
1080 1635.0
11667 1639.0
3060 1643.0
6744 1662.0
5295 1680.0
693 1687.0
2748 1695.0
6864 1699.0
17379 1710.0
14361 1717.0
2148 1727.0
2190 1742.0
486 1752.0
657 1757.0
1413 1757.0
5391 1757.0
11745 1762.0
1815 1770.0
17082 1773.0
17985 1775.0
15579 1803.0
4086 1811.0
4179 1831.0
4254 1845.0
4569 1849.0
3924 1855.0
11985 1863.0
3513 1872.0
4371 1874.0
870 1875.0
10374 1892.0
9426 1916.0
219 1931.0
669 1939.0
3066 1944.0
5166 1949.0
3171 1950.0
1485 1956.0
3342 1958.0
5637 1959.0
19821 1987.0
1107 2020.0
6798 2020.0
1578 2021.0
2781 2024.0
540 2028.0
5976 2031.0
6834 2065.0
126 2104.0
1827 2120.0
5451 2145.0
17370 2157.0
1128 2166.0
5247 2175.0
5397 2188.0
14868 2212.0
7785 2219.0
720 2226.0
7797 2233.0
13773 2243.0
3129 2255.0
1695 2261.0
2970 2304.0
1362 2308.0
15 2310.0
6420 2347.0
15705 2407.0
7014 2410.0
7821 2413.0
11952 2413.0
4128 2427.0
11592 2430.0
1893 2442.0
5418 2445.0
2469 2478.0
18603 2484.0
4074 2490.0
1170 2500.0
7698 2504.0
1926 2509.0
2793 2510.0
714 2511.0
15792 2525.0
7089 2535.0
6669 2570.0
2070 2602.0
4080 2607.0
3597 2608.0
3378 2631.0
2367 2659.0
6198 2683.0
1674 2696.0
4686 2704.0
2328 2800.0
5118 2803.0
18924 2824.0
630 2848.0
5253 2861.0
6150 2874.0
11259 2877.0
2868 2884.0
5208 2902.0
837 2985.0
4161 2990.0
864 3005.0
7080 3014.0
8403 3034.0
1728 3035.0
8001 3057.0
17697 3068.0
7545 3070.0
4983 3080.0
396 3119.0
12330 3129.0
1101 3146.0
20277 3150.0
23073 3150.0
612 3198.0
741 3222.0
2817 3238.0
1296 3275.0
5307 3275.0
2265 3354.0
21336 3432.0
1326 3444.0
5088 3450.0
1224 3469.0
4185 3507.0
1197 3574.0
6111 3593.0
11619 3610.0
1203 3634.0
1524 3661.0
10458 3681.0
10830 3683.0
7176 3771.0
2775 3780.0
19194 3781.0
22101 3810.0
798 3840.0
6192 3883.0
1038 3905.0
8004 3910.0
174 3917.0
1410 3939.0
10596 3962.0
10842 3981.0
744 4005.0
7512 4036.0
4863 4056.0
3348 4088.0
2679 4107.0
5103 4146.0
7941 4207.0
21159 4229.0
15921 4248.0
19290 4248.0
7278 4284.0
14835 4293.0
6156 4307.0
15708 4327.0
19113 4332.0
14829 4341.0
4275 4381.0
399 4412.0
14175 4435.0
9981 4497.0
4740 4534.0
2655 4548.0
726 4553.0
17232 4564.0
2580 4618.0
10662 4619.0
3054 4624.0
9645 4675.0
8763 4686.0
4092 4697.0
39 4699.0
3246 4728.0
9165 4751.0
7215 4762.0
6912 4886.0
5343 4900.0
5460 4999.0
6009 5019.0
3996 5026.0
6378 5026.0
4008 5028.0
6960 5130.0
18753 5156.0
2010 5236.0
2640 5289.0
10689 5295.0
3288 5337.0
16641 5394.0
2955 5443.0
1116 5505.0
26502 5550.0
6633 5564.0
5274 5571.0
7668 5580.0
4203 5739.0
14067 5780.0
5355 5835.0
2700 5942.0
6918 5963.0
5184 6007.0
5799 6069.0
8271 6089.0
35283 6090.0
19710 6095.0
5286 6097.0
19962 6097.0
29625 6098.0
27735 6099.0
3216 6114.0
14268 6127.0
5259 6225.0
8379 6278.0
2706 6357.0
3870 6403.0
21933 6444.0
4542 6462.0
4770 6462.0
7131 6509.0
7422 6510.0
15120 6594.0
7386 6618.0
24813 6667.0
24825 6668.0
1368 6687.0
5928 6696.0
576 6726.0
13737 6834.0
13929 6835.0
26016 6867.0
456 6882.0
16839 6884.0
6657 6900.0
3729 6910.0
29673 6946.0
9804 6967.0
14256 6977.0
1380 7019.0
23670 7049.0
8376 7050.0
11715 7054.0
7653 7065.0
318 7090.0
20400 7103.0
23475 7107.0
1242 7118.0
9888 7145.0
24351 7160.0
7722 7180.0
16086 7189.0
2769 7190.0
14427 7193.0
3240 7196.0
5676 7197.0
16191 7204.0
8118 7206.0
537 7211.0
4293 7242.0
3186 7256.0
2574 7261.0
19482 7275.0
447 7276.0
16443 7278.0
1734 7282.0
26217 7282.0
3192 7291.0
16518 7294.0
4002 7295.0
6930 7295.0
27867 7302.0
23262 7309.0
16764 7336.0
8175 7339.0
1335 7343.0
2121 7345.0
11352 7349.0
17748 7355.0
1596 7360.0
4311 7370.0
15144 7373.0
7158 7377.0
18600 7377.0
26454 7379.0
4677 7381.0
10110 7381.0
18732 7381.0
12450 7390.0
23091 7400.0
10041 7405.0
10065 7405.0
6033 7413.0
12747 7415.0
7635 7417.0
1971 7423.0
891 7427.0
14988 7427.0
27081 7428.0
23706 7429.0
28821 7432.0
2442 7439.0
2676 7439.0
4689 7455.0
1770 7462.0
2598 7463.0
29826 7463.0
3162 7464.0
16674 7485.0
2250 7489.0
3570 7500.0
14841 7500.0
18033 7512.0
31410 7515.0
16299 7518.0
13656 7519.0
6741 7520.0
6750 7520.0
28563 7520.0
4587 7521.0
123 7525.0
4200 7525.0
801 7526.0
20931 7528.0
4323 7530.0
15456 7531.0
24321 7537.0
4026 7541.0
20985 7541.0
26505 7541.0
27237 7541.0
3030 7545.0
9123 7553.0
1875 7565.0
6081 7566.0
1704 7568.0
11991 7570.0
13116 7570.0
6048 7571.0
4023 7572.0
9927 7572.0
9954 7572.0
9957 7572.0
35001 7572.0
3696 7577.0
17040 7577.0
4701 7584.0
19374 7584.0
28647 7584.0
10473 7591.0
2604 7595.0
12318 7598.0
19836 7603.0
9156 7606.0
18717 7608.0
17205 7611.0
19197 7612.0
14646 7613.0
87 7617.0
900 7621.0
3345 7622.0
4305 7623.0
24150 7630.0
3273 7635.0
8391 7637.0
17007 7641.0
16236 7643.0
12690 7650.0
19257 7657.0
24369 7657.0
19260 7660.0
2730 7661.0
7128 7661.0
129 7662.0
159 7662.0
5145 7666.0
10200 7666.0
4467 7677.0
6789 7678.0
23913 7682.0
1803 7687.0
16437 7689.0
20217 7689.0
5421 7691.0
12015 7692.0
21447 7693.0
21255 7695.0
6972 7696.0
14889 7696.0
14892 7696.0
22341 7696.0
34908 7696.0
14052 7705.0
2292 7707.0
4719 7709.0
6060 7710.0
33198 7711.0
24723 7721.0
8700 7727.0
4260 7729.0
6738 7730.0
7200 7732.0
12465 7732.0
897 7734.0
13146 7735.0
3669 7738.0
10053 7739.0
21027 7745.0
5823 7755.0
7593 7755.0
21330 7763.0
2784 7768.0
11625 7774.0
19602 7775.0
4485 7778.0
16245 7781.0
17160 7782.0
11922 7786.0
11937 7786.0
1455 7787.0
29040 7787.0
27957 7789.0
27753 7790.0
3444 7792.0
12108 7792.0
13404 7799.0
19893 7799.0
19719 7800.0
1914 7809.0
19731 7809.0
10038 7811.0
7554 7812.0
1299 7815.0
16080 7819.0
3711 7822.0
12150 7822.0
4551 7823.0
8103 7826.0
6258 7827.0
8514 7830.0
14832 7834.0
19470 7834.0
12255 7835.0
5556 7843.0
22263 7843.0
10179 7844.0
9153 7845.0
17037 7848.0
17025 7849.0
6327 7857.0
11469 7857.0
18912 7858.0
20817 7874.0
7980 7879.0
15621 7883.0
24099 7883.0
4470 7886.0
4911 7886.0
4917 7886.0
4938 7886.0
4959 7886.0
4977 7886.0
14376 7899.0
4815 7900.0
14571 7901.0
5916 7906.0
6495 7913.0
13269 7914.0
198 7919.0
20619 7922.0
10647 7923.0
14049 7926.0
23448 7928.0
17481 7937.0
17631 7937.0
30327 7937.0
17421 7938.0
15990 7939.0
20031 7942.0
12675 7945.0
7995 7950.0
20214 7950.0
20283 7950.0
10641 7953.0
24054 7961.0
1269 7965.0
2055 7965.0
1989 7968.0
12783 7968.0
5505 7970.0
13758 7970.0
22521 7984.0
24468 7984.0
27330 7984.0
7389 7985.0
7179 7996.0
1152 8000.0
3243 8006.0
4455 8008.0
19149 8008.0
4155 8013.0
23808 8015.0
2697 8023.0
1635 8025.0
10356 8025.0
6249 8030.0
33564 8030.0
4176 8037.0
2331 8040.0
9183 8040.0
873 8043.0
21708 8045.0
21726 8045.0
21786 8045.0
21879 8045.0
21918 8045.0
35652 8045.0
35736 8045.0
35745 8045.0
7170 8047.0
6696 8051.0
2082 8059.0
7299 8063.0
20997 8067.0
3489 8068.0
17565 8068.0
22053 8068.0
2751 8074.0
11358 8079.0
17706 8081.0
3528 8086.0
1437 8090.0
34353 8091.0
9366 8092.0
10716 8092.0
24036 8096.0
25083 8098.0
6342 8099.0
8400 8109.0
22422 8111.0
14568 8119.0
24693 8124.0
24753 8125.0
9822 8128.0
8850 8148.0
11511 8148.0
11517 8148.0
11547 8150.0
21066 8157.0
1017 8168.0
7605 8173.0
11718 8182.0
5883 8191.0
6090 8192.0
2790 8203.0
22020 8221.0
22245 8221.0
30087 8221.0
20616 8224.0
405 8228.0
237 8237.0
435 8237.0
14526 8240.0
2430 8241.0
6951 8244.0
6876 8247.0
18567 8251.0
1521 8255.0
18123 8264.0
1932 8270.0
3846 8298.0
7155 8304.0
10353 8308.0
5511 8312.0
3417 8335.0
1911 8338.0
8220 8339.0
14703 8341.0
16983 8341.0
4083 8348.0
4563 8349.0
99 8350.0
26013 8350.0
4500 8366.0
9288 8366.0
26040 8379.0
8694 8381.0
1902 8410.0
3549 8410.0
4791 8411.0
6801 8426.0
7212 8426.0
8670 8439.0
12195 8458.0
8193 8474.0
8340 8489.0
13161 8489.0
7074 8492.0
1476 8500.0
45 8516.0
7530 8528.0
4017 8532.0
5193 8535.0
408 8553.0
11049 8599.0
4230 8600.0
9300 8619.0
9561 8624.0
11298 8646.0
7320 8653.0
7638 8680.0
711 8733.0
7749 8764.0
11598 8772.0
2520 8773.0
23139 8776.0
3033 8784.0
10920 8786.0
4221 8830.0
3915 8854.0
1212 8864.0
6903 8880.0
381 8884.0
4680 8978.0
6924 9028.0
1347 9098.0
4065 9156.0
3786 9173.0
945 9211.0
6570 9264.0
903 9303.0
11040 9316.0
12687 9335.0
23445 9465.0
972 9466.0
4692 9472.0
4248 9545.0
1041 9546.0
372 9562.0
6072 9567.0
1044 9597.0
2472 9651.0
11214 9674.0
9594 9680.0
7701 9715.0
4182 9729.0
2493 9762.0
6210 9778.0
5202 9779.0
14034 9798.0
4947 9808.0
558 9914.0
7203 9994.0
951 10026.0
2142 10041.0
2910 10066.0
3117 10071.0
7218 10072.0
5076 10078.0
3138 10136.0
7578 10211.0
7863 10211.0
7527 10252.0
4056 10311.0
7503 10417.0
7308 10458.0
10482 10471.0
5490 10478.0
4995 10481.0
2262 10530.0
16713 10595.0
1743 10636.0
684 10715.0
12960 10785.0
384 10790.0
3465 10824.0
4170 10844.0
2001 10847.0
6921 10905.0
3933 10952.0
1314 11043.0
7113 11071.0
828 11109.0
10929 11141.0
4626 11191.0
1083 11203.0
14145 11214.0
6957 11284.0
1221 11290.0
1167 11336.0
14379 11405.0
252 11426.0
4611 11458.0
324 11518.0
2040 11532.0
786 11605.0
5766 11667.0
6906 11722.0
1653 11747.0
4164 11750.0
1158 11754.0
132 11829.0
177 11904.0
579 11971.0
1809 12008.0
4524 12065.0
1218 12121.0
1953 12127.0
2049 12173.0
888 12201.0
1602 12205.0
315 12211.0
2394 12240.0
1800 12254.0
13578 12306.0
3057 12317.0
2664 12370.0
4572 12378.0
789 12467.0
14241 12488.0
12102 12540.0
7302 12579.0
3546 12606.0
6681 12707.0
2613 12744.0
792 12876.0
375 12922.0
10833 13032.0
2211 13123.0
1944 13163.0
1086 13206.0
3015 13328.0
3435 13340.0
4263 13354.0
3309 13466.0
4578 13473.0
7248 13584.0
2622 13619.0
5220 13623.0
4521 13659.0
2046 13743.0
1782 13751.0
591 13777.0
16797 13888.0
1395 13907.0
17925 14050.0
2160 14067.0
6522 14074.0
6909 14094.0
4758 14128.0
2745 14134.0
5469 14166.0
3906 14230.0
13884 14272.0
465 14330.0
23076 14370.0
25071 14403.0
13200 14451.0
6645 14476.0
6225 14508.0
20634 14592.0
27894 14592.0
27870 14602.0
13113 14628.0
1236 14641.0
3297 14672.0
9009 14674.0
6018 14682.0
2487 14685.0
8358 14716.0
7800 14728.0
9339 14746.0
4644 14808.0
753 14827.0
24780 14848.0
573 14858.0
22359 14882.0
16620 14922.0
2571 14964.0
19983 14982.0
2994 14983.0
5046 15023.0
4374 15030.0
16242 15032.0
1419 15038.0
2886 15070.0
10881 15108.0
10902 15108.0
4365 15111.0
8931 15119.0
5049 15142.0
9951 15142.0
25302 15164.0
10278 15166.0
19647 15166.0
28611 15176.0
24063 15184.0
26985 15222.0
5172 15248.0
6069 15282.0
654 15306.0
19284 15318.0
15201 15338.0
1425 15350.0
3567 15351.0
14055 15362.0
4536 15376.0
4269 15388.0
15027 15388.0
34905 15388.0
1656 15392.0
4191 15400.0
15195 15402.0
5700 15405.0
13797 15406.0
13095 15407.0
21534 15442.0
21339 15522.0
23676 15546.0
16224 15558.0
21117 15568.0
10032 15575.0
27810 15580.0
2724 15600.0
2760 15622.0
2883 15625.0
4767 15628.0
4131 15642.0
28677 15660.0
23025 15663.0
24126 15712.0
10434 15722.0
7188 15738.0
24684 15790.0
11130 15798.0
19128 15808.0
4752 15845.0
7665 15866.0
17478 15870.0
5964 15872.0
20382 15896.0
20280 15898.0
13569 15908.0
6087 15913.0
6684 15914.0
13128 15936.0
2502 15952.0
27357 15964.0
2058 16010.0
30501 16022.0
1572 16075.0
1392 16085.0
35739 16086.0
27090 16139.0
2184 16148.0
10959 16165.0
4671 16176.0
2061 16190.0
25092 16192.0
25089 16194.0
6063 16222.0
1191 16263.0
13923 16294.0
15141 16312.0
5379 16326.0
9501 16381.0
7401 16416.0
11031 16440.0
4356 16577.0
3726 16620.0
909 16662.0
183 16705.0
28509 16724.0
1836 16826.0
3081 16848.0
3327 17000.0
1962 17023.0
16692 17042.0
6783 17070.0
3369 17108.0
12456 17172.0
6678 17193.0
1074 17199.0
1110 17292.0
1629 17389.0
1332 17418.0
1338 17483.0
7491 17523.0
2931 17534.0
3333 17555.0
1245 17698.0
3453 17775.0
26007 17789.0
7848 17840.0
3951 17946.0
3495 18104.0
4827 18219.0
19764 18277.0
5001 18389.0
1215 18395.0
4704 18411.0
1188 18565.0
7986 18589.0
687 18599.0
4884 18625.0
1851 18722.0
291 18756.0
618 18904.0
7551 18951.0
1434 19002.0
885 19028.0
1461 19070.0
5517 19305.0
5733 19453.0
13584 19498.0
816 19551.0
1068 19599.0
1257 19618.0
594 19761.0
1026 19852.0
11016 19872.0
813 19933.0
1566 20162.0
207 20215.0
1788 20228.0
7515 20273.0
2940 20277.0
651 20371.0
2391 20510.0
489 20531.0
4497 20793.0
16416 20995.0
510 21059.0
5148 21131.0
1428 21148.0
5061 21241.0
7032 21270.0
18000 21303.0
2631 21380.0
5211 21497.0
3234 21571.0
6144 21634.0
1842 21763.0
4530 21889.0
27876 21898.0
27906 21898.0
16737 22002.0
3330 22009.0
14676 22011.0
4224 22270.0
1668 22289.0
22743 22372.0
4890 22451.0
7962 22551.0
234 22585.0
6828 22642.0
3447 22701.0
9960 22704.0
5496 22818.0
17181 22830.0
4776 22921.0
1305 23006.0
10212 23042.0
16017 23082.0
35547 23139.0
12084 23188.0
13665 23246.0
26142 23250.0
9375 23335.0
2436 23364.0
17100 23371.0
20820 23391.0
10443 23455.0
19200 23481.0
9909 23535.0
1182 23649.0
1341 23701.0
2595 23777.0
17244 23787.0
84 23818.0
5553 23848.0
13134 23936.0
1389 23944.0
10872 23951.0
19125 24012.0
25932 24027.0
6303 24048.0
35649 24123.0
1686 24159.0
582 24260.0
10761 24261.0
11217 24501.0
2268 24574.0
15693 24655.0
4878 24925.0
7227 24932.0
5943 24959.0
624 24977.0
678 25033.0
11631 25105.0
2856 25382.0
1176 25536.0
2754 25735.0
5010 25874.0
309 25965.0
6357 26554.0
24810 26654.0
5256 27063.0
1737 27145.0
7059 27460.0
2667 27547.0
15531 27845.0
1515 27859.0
18237 28104.0
2229 28414.0
168 28590.0
345 28807.0
27888 29191.0
1113 29235.0
564 29398.0
6582 29422.0
852 29491.0
13419 29502.0
16788 29814.0
26214 29828.0
12180 29902.0
2703 30017.0
22659 30044.0
420 30152.0
13983 30156.0
513 30198.0
2577 30301.0
16473 30548.0
2385 30655.0
20220 30718.0
5853 30758.0
15003 30760.0
11346 30931.0
1464 31074.0
2271 31108.0
18645 31172.0
13422 31186.0
23364 31277.0
153 31882.0
23802 32028.0
261 32036.0
642 32043.0
7107 32238.0
23043 32256.0
450 32321.0
735 32327.0
3108 32450.0
156 32732.0
16533 32758.0
2091 32874.0
1032 32947.0
4737 33022.0
1164 33042.0
3999 33080.0
1797 33733.0
138 33854.0
7641 33989.0
5394 34232.0
3357 34653.0
3792 34835.0
1302 34953.0
1179 34956.0
357 35256.0
1527 35369.0
10803 35766.0
501 36129.0
3318 36199.0
5070 36522.0
681 36864.0
7140 37008.0
10620 37128.0
26163 37142.0
15981 37288.0
5217 37332.0
1323 37617.0
16461 37687.0
1884 37712.0
9933 37834.0
19278 37852.0
267 38462.0
1458 38658.0
771 38778.0
24426 38913.0
3486 39474.0
1422 39531.0
2652 39748.0
9891 39838.0
2619 39948.0
7095 39964.0
6786 39984.0
15165 40318.0
2256 40421.0
9357 40433.0
645 40658.0
8565 40838.0
531 41272.0
1104 41317.0
2568 41451.0
615 42242.0
42 42366.0
603 42423.0
819 42949.0
417 43171.0
3390 44248.0
3036 44359.0
8559 44397.0
3480 45653.0
519 46163.0
11430 46240.0
570 46365.0
4197 46431.0
25326 46708.0
762 47177.0
16710 47218.0
6735 47284.0
1401 47589.0
15234 47674.0
492 47933.0
33207 48210.0
675 48237.0
171 48412.0
4272 48698.0
4227 48947.0
780 49172.0
10815 49759.0
3075 49897.0
4716 50151.0
2550 50636.0
6231 51263.0
666 51506.0
1071 52058.0
16782 52171.0
7428 52373.0
2916 52648.0
9921 52932.0
861 53354.0
6831 53543.0
462 53662.0
2673 54210.0
636 54550.0
525 56216.0
21582 56231.0
9648 56404.0
1095 56702.0
240 57001.0
498 57020.0
6084 57173.0
3966 57942.0
477 59088.0
354 59296.0
15513 59604.0
5052 60300.0
111 60513.0
1056 60520.0
300 60826.0
13635 60878.0
10893 61555.0
186 61951.0
19467 62290.0
1560 62498.0
1359 62816.0
279 63820.0
2715 64091.0
21801 64286.0
2088 64837.0
471 64905.0
2832 64996.0
264 65241.0
2610 65244.0
504 65301.0
16116 65932.0
876 66156.0
11340 66560.0
1308 67125.0
5406 67430.0
19815 67511.0
9147 67977.0
1059 69720.0
585 70812.0
54 71194.0
5826 71672.0
20967 72760.0
879 74662.0
144 75954.0
9861 76112.0
336 76144.0
22587 76408.0
5742 77694.0
480 78055.0
16503 80653.0
969 81775.0
441 82464.0
228 82878.0
9135 83485.0
16860 84664.0
2601 85290.0
13410 85645.0
3969 86115.0
390 86137.0
180 86738.0
3981 87488.0
1320 88012.0
1470 88411.0
75 89534.0
960 90484.0
10281 90649.0
14862 91672.0
192 91740.0
9132 92777.0
15198 93947.0
3027 94020.0
1122 95218.0
723 95924.0
1767 96142.0
1185 98836.0
804 98922.0
1833 100084.0
1050 103151.0
243 105169.0
5415 106879.0
918 107068.0
1137 111863.0
12786 114406.0
1899 116182.0
9024 116570.0
621 118072.0
6405 122900.0
672 125590.0
165 127114.0
13707 129227.0
4140 129652.0
426 133818.0
378 134403.0
9129 136147.0
27789 136882.0
1077 139428.0
549 142887.0
3354 150997.0
81 151191.0
2736 151867.0
984 152309.0
8556 152904.0
9 153799.0
1365 154392.0
9504 161276.0
696 161439.0
822 164536.0
639 174376.0
423 177872.0
1233 182719.0
20805 186241.0
924 186986.0
2637 187542.0
393 188918.0
27 193519.0
1935 194718.0
402 196586.0
528 210173.0
2118 213285.0
948 216423.0
1821 220133.0
1371 220192.0
4398 221820.0
438 223194.0
3174 248464.0
147 255910.0
2718 265572.0
25323 270221.0
102 270695.0
255 276530.0
1569 279450.0
2253 292177.0
72 292753.0
4152 306787.0
1806 318485.0
915 331655.0
1161 341694.0
1725 343391.0
114 347037.0
4755 374679.0
360 379491.0
939 398673.0
78 401835.0
1053 402468.0
342 404693.0
1443 418275.0
225 429944.0
93 454523.0
90 469461.0
3237 491576.0
5022 507969.0
213 531713.0
444 554227.0
4746 590984.0
1824 678834.0
516 793453.0
543 935450.0
195 1536185.0
588 1740845.0
273 1922913.0
